old-1
FILE 	 HUFFSIZE 	 ORIGINAL SIZE 	 WORDSIZE
1789_04_30_3446.huff 	 16626 	 8520 	 1433
1789_10_03_3447.huff 	 5055 	 2500 	 435
1790_01_08_3448.huff 	 9913 	 5197 	 848
1790_12_08_3449.huff 	 16308 	 8256 	 1400
1790_12_29_3450.huff 	 16192 	 7727 	 1401
1791_10_25_3451.huff 	 25530 	 13669 	 2267
1792_04_05_3452.huff 	 1770 	 966 	 156
1792_11_06_3938.huff 	 26778 	 13927 	 2358
1792_12_12_3453.huff 	 2244 	 1122 	 190
1793_03_04_3454.huff 	 1562 	 776 	 136
1793_04_22_3455.huff 	 2730 	 1395 	 237
1793_12_03_3456.huff 	 22641 	 11444 	 1973
1794_08_07_3721.huff 	 14714 	 7626 	 1284
1794_09_25_3458.huff 	 7726 	 3992 	 653
1794_11_19_3459.huff 	 33065 	 17327 	 2927
1795_07_10_3460.huff 	 4468 	 2314 	 382
1795_12_08_3939.huff 	 22872 	 11992 	 1977
1796_03_30_3461.huff 	 12238 	 6261 	 1065
1796_08_29_3941.huff 	 18501 	 8537 	 1602
1796_09_19_3462.huff 	 66174 	 36045 	 6074
1796_12_07_3463.huff 	 32200 	 17030 	 2865
1797_03_04_3445.huff 	 26464 	 13603 	 2322
1797_05_16_3464.huff 	 34050 	 18104 	 3025
1797_11_22_3465.huff 	 23453 	 12172 	 2049
1798_03_23_3942.huff 	 7654 	 3910 	 655
1798_12_08_3466.huff 	 25228 	 13185 	 2218
1799_12_03_3467.huff 	 17179 	 9010 	 1494
1799_12_19_3943.huff 	 14947 	 7302 	 1265
1800_05_21_3944.huff 	 3386 	 1740 	 291
1800_11_22_3468.huff 	 16009 	 8215 	 1374
1801_03_04_3469.huff 	 20221 	 9923 	 1732
1801_07_12_3470.huff 	 14288 	 6877 	 1211
1801_12_08_3471.huff 	 36794 	 19077 	 3235
1802_01_01_3473.huff 	 2742 	 1400 	 234
1802_11_03_3474.huff 	 10781 	 4891 	 914
1802_12_15_3475.huff 	 24593 	 12351 	 2125
1803_01_18_3476.huff 	 15124 	 7605 	 1284
1803_06_20_3477.huff 	 26842 	 13360 	 2345
1803_10_17_3478.huff 	 26395 	 13931 	 2301
1803_12_17_3479.huff 	 13416 	 5859 	 1140
1804_11_08_3480.huff 	 24089 	 12375 	 2100
1805_03_04_3491.huff 	 24887 	 12609 	 2152
1805_12_03_3493.huff 	 33047 	 16679 	 2902
1805_12_06_3492.huff 	 11804 	 5803 	 993
1806_01_10_3494.huff 	 9988 	 4381 	 847
1806_11_27_3722.huff 	 4931 	 2562 	 425
1806_12_02_3495.huff 	 32788 	 16947 	 2881
1806_12_30_3496.huff 	 13702 	 5982 	 1175
1807_01_22_3497.huff 	 28045 	 14464 	 2478
1807_02_10_3498.huff 	 13506 	 6567 	 1143
1807_07_02_3499.huff 	 13609 	 6817 	 1174
1807_10_27_3500.huff 	 27266 	 13939 	 2373
1808_11_08_3501.huff 	 30722 	 16092 	 2710
1809_03_04_3482.huff 	 13757 	 6905 	 1177
1809_04_03_3502.huff 	 3895 	 1863 	 337
1809_05_23_3607.huff 	 13009 	 6514 	 1116
1809_11_29_3608.huff 	 20995 	 10868 	 1832
1810_10_27_3610.huff 	 7168 	 3654 	 624
1810_12_05_3609.huff 	 27822 	 14772 	 2451
1811_02_21_3611.huff 	 3844 	 2062 	 335
1811_11_05_3613.huff 	 25996 	 13690 	 2275
1812_06_01_3614.huff 	 32162 	 17228 	 2851
1812_06_19_3615.huff 	 3311 	 1674 	 289
1812_07_09_3616.huff 	 3608 	 1808 	 311
1812_11_04_3619.huff 	 36398 	 19251 	 3251
1813_03_04_3620.huff 	 14233 	 7055 	 1211
1813_05_25_3621.huff 	 24134 	 12168 	 2111
1813_07_23_3622.huff 	 9323 	 4624 	 799
1813_12_07_3623.huff 	 36398 	 19136 	 3262
1814_09_01_3624.huff 	 8160 	 4141 	 696
1814_09_20_3625.huff 	 24353 	 12363 	 2115
1815_01_30_3626.huff 	 14435 	 7358 	 1281
1815_02_18_3627.huff 	 9674 	 4958 	 829
1815_12_05_3628.huff 	 35539 	 19107 	 3186
1816_12_03_3629.huff 	 37409 	 19976 	 3370
1817_03_03_3630.huff 	 9255 	 4856 	 815
1817_03_04_3483.huff 	 37780 	 19556 	 3379
1817_12_02_3594.huff 	 48294 	 25759 	 4447
1818_11_16_3596.huff 	 47722 	 25970 	 4378
1819_12_07_3597.huff 	 50651 	 27356 	 4711
1820_11_14_3598.huff 	 38705 	 20068 	 3464
1821_03_05_3601.huff 	 49406 	 25884 	 4482
1821_07_04_3484.huff 	 5236 	 2603 	 447
1821_12_03_3602.huff 	 62379 	 33708 	 5858
1822_12_03_3603.huff 	 51651 	 27660 	 4765
1823_12_02_3604.huff 	 68484 	 37578 	 6423
1824_12_07_3606.huff 	 87669 	 48968 	 8444
1825_03_04_3513.huff 	 32369 	 17489 	 2917
1825_12_06_3514.huff 	 93854 	 53039 	 9088
1826_12_05_3515.huff 	 81788 	 45626 	 7848
1827_12_04_3516.huff 	 74015 	 41545 	 7058
1828_12_02_3517.huff 	 77439 	 43365 	 7391
1829_03_04_3485.huff 	 13154 	 6722 	 1128
1829_05_11_3631.huff 	 4554 	 2348 	 402
1829_12_08_3632.huff 	 109196 	 61903 	 10568
1830_10_05_3633.huff 	 9397 	 4812 	 846
1830_12_06_3634.huff 	 150887 	 88827 	 15043
1831_12_06_3635.huff 	 76939 	 42221 	 7211
1832_07_10_3636.huff 	 83443 	 46421 	 8138
1832_12_04_3637.huff 	 82907 	 46153 	 7903
1833_03_04_3639.huff 	 13744 	 6946 	 1176
1833_12_03_3640.huff 	 82744 	 46194 	 7930
1834_12_01_3641.huff 	 136414 	 79060 	 13514
1835_12_07_3642.huff 	 110860 	 63520 	 10864
1836_12_05_3643.huff 	 125259 	 72318 	 12428
1837_03_04_3486.huff 	 43693 	 23066 	 3846
1837_03_04_3644.huff 	 87123 	 47766 	 8254
1837_09_04_3724.huff 	 119165 	 69051 	 11785
1837_12_05_3589.huff 	 117922 	 67914 	 11513
1838_01_05_3725.huff 	 4537 	 2348 	 396
1838_12_03_3591.huff 	 118065 	 68824 	 11558
1839_12_02_3592.huff 	 137023 	 78957 	 13492
1840_12_05_3593.huff 	 94981 	 54157 	 9014
1841_01_02_3726.huff 	 10269 	 5047 	 882
1841_03_04_3548.huff 	 87652 	 48991 	 8465
1841_12_07_3549.huff 	 87654 	 48129 	 8295
1845_03_04_3550.huff 	 52396 	 28267 	 4814
1849_03_05_3551.huff 	 12750 	 6504 	 1091
1850_12_02_3552.huff 	 88498 	 49039 	 8373
1852_07_06_3487.huff 	 113060 	 60149 	 10878
1853_03_04_3553.huff 	 38035 	 19750 	 3342
1853_12_05_3728.huff 	 101019 	 57134 	 9677
1854_01_18_3727.huff 	 3177 	 1619 	 271
1854_10_16_3503.huff 	 317852 	 181760 	 33420
1854_12_04_3729.huff 	 107217 	 60991 	 10213
1855_12_31_3730.huff 	 118695 	 69350 	 11672
1856_12_02_3731.huff 	 108075 	 62898 	 10567
1857_03_04_3554.huff 	 32069 	 16532 	 2836
1857_12_08_3732.huff 	 140260 	 80636 	 13775
1858_06_16_3504.huff 	 36382 	 17778 	 3226
1858_12_06_3733.huff 	 165957 	 96899 	 16505
1859_12_19_3734.huff 	 128929 	 72729 	 12513
1860_02_27_3505.huff 	 66147 	 34825 	 6164
1860_12_03_3735.huff 	 143173 	 82815 	 14150
1861_02_11_3506.huff 	 1798 	 776 	 152
1861_03_04_3507.huff 	 76276 	 41212 	 7272
1861_07_04_3508.huff 	 126004 	 71328 	 12572
1861_12_03_3736.huff 	 76361 	 40806 	 7052
1862_12_01_3737.huff 	 92514 	 48876 	 8550
1863_01_01_3509.huff 	 8243 	 4146 	 711
1863_08_26_3510.huff 	 37958 	 17822 	 3396
1863_11_19_3511.huff 	 3240 	 1421 	 272
1863_12_08_3738.huff 	 68127 	 36487 	 6221
1864_12_06_3739.huff 	 66032 	 34799 	 5997
1865_03_04_3512.huff 	 8429 	 3849 	 705
1865_12_04_3555.huff 	 95745 	 53861 	 9294
1869_03_04_3556.huff 	 13468 	 6379 	 1132
1869_12_06_3740.huff 	 82607 	 45152 	 7777
1870_12_05_3741.huff 	 94041 	 51175 	 8847
1871_12_04_3742.huff 	 69716 	 38083 	 6476
1872_12_02_3743.huff 	 108495 	 60356 	 10410
1873_03_04_3557.huff 	 15756 	 7578 	 1341
1873_12_01_3744.huff 	 106280 	 59270 	 10156
1874_12_07_3745.huff 	 103157 	 57804 	 9889
1875_12_07_3746.huff 	 127094 	 71928 	 12324
1876_12_05_3747.huff 	 72985 	 40126 	 6860
1877_03_05_3558.huff 	 28109 	 14676 	 2494
1877_12_03_3748.huff 	 111916 	 63915 	 10862
1878_12_02_3749.huff 	 85569 	 47668 	 8037
1879_12_01_3750.huff 	 120978 	 69987 	 11801
1880_12_06_3751.huff 	 138035 	 80960 	 13593
1881_03_04_3559.huff 	 33763 	 17494 	 2993
1881_12_06_3560.huff 	 143114 	 80527 	 13710
1882_12_04_3752.huff 	 111408 	 61739 	 10519
1883_12_04_3753.huff 	 94194 	 51361 	 8681
1884_12_01_3754.huff 	 96623 	 54237 	 9112
1885_03_04_3571.huff 	 19234 	 9990 	 1691
1885_12_08_3755.huff 	 197920 	 119104 	 19979
1886_12_06_3756.huff 	 156071 	 91414 	 15374
1887_12_06_3757.huff 	 58435 	 31173 	 5365
1888_12_03_3758.huff 	 139223 	 80055 	 13434
1889_03_04_3561.huff 	 49233 	 25858 	 4407
1889_12_03_3765.huff 	 134788 	 76723 	 13143
1890_12_01_3766.huff 	 121183 	 68497 	 11675
1891_12_09_3767.huff 	 164823 	 95438 	 16536
1892_12_06_3768.huff 	 145032 	 80454 	 14111
1893_03_04_3572.huff 	 23317 	 12214 	 2028
1893_08_08_3759.huff 	 24327 	 12221 	 2104
1893_12_04_3760.huff 	 133540 	 75480 	 12681
1894_12_03_3762.huff 	 167819 	 96239 	 16370
1895_12_02_3763.huff 	 153380 	 88452 	 14868
1896_12_07_3764.huff 	 164221 	 93353 	 15901
1897_03_04_3562.huff 	 44286 	 23247 	 3977
1897_12_06_3769.huff 	 125955 	 71532 	 12225
1898_12_05_3770.huff 	 205071 	 121684 	 20533
1899_12_05_3771.huff 	 225790 	 137444 	 23065
1900_12_03_3772.huff 	 194618 	 116387 	 19479
1901_03_04_3563.huff 	 25637 	 13190 	 2225
1901_12_03_3773.huff 	 196888 	 113948 	 19736
1902_12_02_3774.huff 	 104534 	 56737 	 9838
1903_12_07_3775.huff 	 153823 	 88561 	 15059
1904_12_06_3776.huff 	 177492 	 102379 	 17559
1905_03_04_3564.huff 	 11732 	 5471 	 991
1905_12_05_3777.huff 	 246247 	 145178 	 25168
1906_12_03_3778.huff 	 232838 	 135848 	 23725
1907_12_03_3779.huff 	 270752 	 159425 	 27581
1908_12_09_3780.huff 	 195441 	 113651 	 19565
1909_03_04_3565.huff 	 58751 	 31728 	 5442
1909_11_17_3781.huff 	 81788 	 43497 	 7878
1909_12_07_3782.huff 	 140816 	 83523 	 13985
1910_12_06_3783.huff 	 275350 	 165510 	 28272
1911_01_26_3784.huff 	 26490 	 13874 	 2294
1911_12_05_3785.huff 	 233312 	 141324 	 23994
1912_12_03_3786.huff 	 247407 	 150971 	 25409
1913_03_04_3566.huff 	 20006 	 9371 	 1712
1913_07_04_3787.huff 	 15068 	 6716 	 1267
1913_10_25_3788.huff 	 22771 	 10553 	 1956
1913_12_02_3789.huff 	 39834 	 20203 	 3567
1914_01_20_3790.huff 	 28674 	 14764 	 2523
1914_08_20_3791.huff 	 7446 	 3517 	 632
1914_10_20_3792.huff 	 12560 	 5704 	 1078
1914_12_08_3793.huff 	 49907 	 24912 	 4548
1915_12_07_3794.huff 	 83613 	 44028 	 7772
1916_09_02_3795.huff 	 60280 	 31612 	 5537
1916_12_05_3796.huff 	 24193 	 12584 	 2127
1917_01_22_3797.huff 	 30076 	 14958 	 2685
1917_03_05_3567.huff 	 17746 	 8248 	 1531
1917_04_02_4722.huff 	 41076 	 20662 	 3679
1917_04_06_3798.huff 	 17370 	 8770 	 1541
1917_12_04_3799.huff 	 43662 	 21693 	 3935
1918_12_02_3801.huff 	 59729 	 30929 	 5495
1919_12_02_3802.huff 	 52723 	 28090 	 4773
1920_12_07_3803.huff 	 30989 	 15879 	 2744
1921_03_04_3568.huff 	 38355 	 19866 	 3346
1921_12_06_3804.huff 	 62688 	 33673 	 5652
1922_12_08_3805.huff 	 63971 	 34829 	 5786
1923_12_06_3806.huff 	 73578 	 40357 	 6746
1924_12_03_3807.huff 	 75867 	 41883 	 7019
1925_03_04_3569.huff 	 45358 	 23540 	 4057
1925_12_08_3808.huff 	 115466 	 65151 	 10958
1926_12_07_3809.huff 	 110381 	 61672 	 10407
1927_08_10_3810.huff 	 12286 	 6136 	 1044
1927_12_06_3811.huff 	 95509 	 53186 	 8880
1928_10_22_6000.huff 	 67065 	 36485 	 6211
1928_12_04_3812.huff 	 89294 	 49225 	 8168
1929_03_04_3570.huff 	 41817 	 22593 	 3766
1929_07_24_3813.huff 	 12900 	 6529 	 1100
1933_03_04_3280.huff 	 22367 	 10793 	 1901
1933_03_12_3298.huff 	 20666 	 9868 	 1797
1933_05_07_3299.huff 	 33900 	 16903 	 2971
1933_07_24_3300.huff 	 33985 	 16411 	 2971
1933_10_22_3301.huff 	 31296 	 14915 	 2720
1934_06_28_3302.huff 	 29209 	 14532 	 2531
1934_09_30_3303.huff 	 36316 	 18648 	 3163
1935_04_28_3304.huff 	 35449 	 17888 	 3096
1936_06_27_3305.huff 	 23349 	 11307 	 2015
1936_09_06_3306.huff 	 36744 	 18203 	 3207
1936_10_31_3307.huff 	 28412 	 13653 	 2468
1937_01_20_3308.huff 	 21599 	 10372 	 1825
1937_03_09_3309.huff 	 45457 	 22920 	 4066
1937_10_05_3310.huff 	 21698 	 10818 	 1864
1937_10_12_3311.huff 	 37319 	 18377 	 3271
1937_11_14_3312.huff 	 19086 	 9290 	 1634
1938_04_14_3313.huff 	 51172 	 25830 	 4599
1938_06_24_3314.huff 	 40447 	 20302 	 3533
1938_07_08_3573.huff 	 17158 	 8211 	 1446
1939_09_03_3315.huff 	 14523 	 6699 	 1241
1940_05_26_3316.huff 	 43790 	 21263 	 3871
1940_06_10_3317.huff 	 22483 	 11016 	 1970
1940_07_19_3318.huff 	 39866 	 19715 	 3544
1940_12_29_3319.huff 	 45136 	 22208 	 4041
1941_01_06_3320.huff 	 37946 	 18840 	 3330
1941_01_20_3321.huff 	 15823 	 7368 	 1362
1941_03_15_3322.huff 	 34681 	 16647 	 3031
1941_05_27_3814.huff 	 51715 	 26288 	 4620
1941_09_11_3323.huff 	 34925 	 17146 	 3065
1941_12_08_3324.huff 	 6164 	 3075 	 518
1941_12_09_3325.huff 	 34575 	 16543 	 3023
1941_12_11_3815.huff 	 1597 	 817 	 139
1942_02_23_3326.huff 	 47967 	 23646 	 4251
1942_04_28_3327.huff 	 44247 	 21408 	 3868
1942_09_07_3328.huff 	 36120 	 17350 	 3180
1942_10_12_3329.huff 	 39508 	 19085 	 3483
1943_01_07_3816.huff 	 51466 	 25610 	 4625
1943_05_02_3330.huff 	 28164 	 13529 	 2465
1943_07_28_3331.huff 	 39514 	 19271 	 3468
1943_09_08_3332.huff 	 17324 	 7822 	 1466
1943_12_01_3817.huff 	 4132 	 1986 	 351
1943_12_24_3333.huff 	 38679 	 18778 	 3397
1944_01_11_3955.huff 	 39387 	 19341 	 3469
1944_06_05_3334.huff 	 19147 	 9264 	 1665
1944_06_12_3335.huff 	 19587 	 9091 	 1650
1944_07_20_3336.huff 	 20708 	 9844 	 1777
1945_01_20_3337.huff 	 6625 	 2924 	 561
1945_02_11_3819.huff 	 23138 	 12294 	 2019
1945_03_01_3338.huff 	 65054 	 33424 	 6044
1945_04_16_3339.huff 	 22090 	 10593 	 1880
1945_05_08_3340.huff 	 8363 	 3768 	 709
1945_08_06_3820.huff 	 13993 	 6616 	 1166
1945_08_09_3821.huff 	 45435 	 23062 	 4075
1945_09_01_3341.huff 	 14882 	 6795 	 1268
1945_10_27_3342.huff 	 29698 	 14596 	 2603
1947_03_12_3343.huff 	 25411 	 13236 	 2213
1947_06_20_3344.huff 	 20810 	 10155 	 1807
1947_06_29_3345.huff 	 14611 	 7000 	 1232
1948_07_15_3346.huff 	 30522 	 14429 	 2721
1948_09_18_3347.huff 	 9274 	 3874 	 794
1948_09_18_3348.huff 	 9683 	 4234 	 817
1948_11_03_3349.huff 	 3281 	 1432 	 285
1949_01_20_3350.huff 	 26335 	 13356 	 2284
1951_04_11_3351.huff 	 27817 	 13392 	 2469
1952_03_15_3352.huff 	 22361 	 10065 	 1970
1952_03_29_3353.huff 	 42115 	 20233 	 3804
1952_09_23_4638.huff 	 52340 	 24060 	 4800
1952_10_22_3354.huff 	 14916 	 6513 	 1280
1953_01_15_3355.huff 	 42809 	 19751 	 3802
1953_01_20_3356.huff 	 28246 	 13616 	 2476
1953_04_16_3357.huff 	 33068 	 15977 	 2918
1953_12_08_3358.huff 	 34933 	 17666 	 3075
1956_08_23_3359.huff 	 49982 	 25074 	 4406
1957_01_05_3360.huff 	 38836 	 20490 	 3443
1960_07_15_3362.huff 	 29743 	 14003 	 2558
1960_09_12_3363.huff 	 18394 	 8671 	 1561
1960_09_26_5728.huff 	 112153 	 59322 	 11037
1960_10_07_5729.huff 	 116857 	 61224 	 11385
1960_10_13_5730.huff 	 112804 	 58786 	 10930
1960_10_21_5731.huff 	 112637 	 59337 	 10991
1961_01_09_3364.huff 	 10941 	 5012 	 911
1961_01_17_3361.huff 	 21972 	 10919 	 1858
1961_01_20_3365.huff 	 16305 	 7371 	 1368
1961_01_30_5945.huff 	 60012 	 30901 	 5301
1961_02_21_5946.huff 	 11523 	 5288 	 975
1961_03_01_3366.huff 	 4847 	 2297 	 412
1961_03_13_5732.huff 	 28499 	 14460 	 2479
1961_04_20_5669.huff 	 83469 	 47395 	 7751
1961_04_20_5739.huff 	 18081 	 8546 	 1531
1961_04_27_3677.huff 	 28383 	 14123 	 2453
1961_05_03_5947.huff 	 7330 	 3405 	 617
1961_05_17_5928.huff 	 34455 	 16773 	 3010
1961_05_25_3368.huff 	 65870 	 34311 	 5911
1961_06_06_5948.huff 	 69470 	 35680 	 6434
1961_06_07_5949.huff 	 15380 	 7245 	 1309
1961_07_25_5740.huff 	 46557 	 22697 	 4138
1961_09_25_5741.huff 	 50760 	 25491 	 4509
1961_10_12_5950.huff 	 22376 	 10634 	 1907
1961_11_11_5951.huff 	 12479 	 5671 	 1044
1961_11_16_3369.huff 	 24876 	 11895 	 2112
1961_12_06_5952.huff 	 72593 	 37681 	 6663
1961_12_07_5953.huff 	 47005 	 22628 	 4239
1961_12_11_5954.huff 	 5461 	 2358 	 467
1962_01_11_5742.huff 	 73032 	 38107 	 6589
1962_03_23_5765.huff 	 25971 	 12958 	 2270
1962_06_06_5766.huff 	 27419 	 13071 	 2371
1962_06_11_3370.huff 	 43919 	 22262 	 3886
1962_09_12_3371.huff 	 26065 	 11798 	 2230
1962_09_30_5743.huff 	 13378 	 6401 	 1139
1962_10_22_3372.huff 	 28369 	 14156 	 2452
1963_01_14_5762.huff 	 61076 	 30865 	 5436
1963_05_18_3373.huff 	 23296 	 11485 	 2028
1963_05_30_3380.huff 	 8331 	 3696 	 707
1963_06_05_5763.huff 	 25647 	 12605 	 2203
1963_06_10_3374.huff 	 39521 	 19184 	 3455
1963_06_11_3375.huff 	 23246 	 10902 	 1997
1963_06_26_3376.huff 	 7953 	 3506 	 676
1963_07_26_3377.huff 	 35472 	 17668 	 3130
1963_09_20_5764.huff 	 40407 	 20149 	 3564
1963_09_26_3378.huff 	 42086 	 20472 	 3755
1963_10_26_3379.huff 	 22010 	 10390 	 1881
1963_11_27_3381.huff 	 19062 	 8874 	 1646
1963_11_28_5657.huff 	 23518 	 10870 	 2058
1963_12_17_5658.huff 	 34386 	 16912 	 3094
1964_01_08_3382.huff 	 36928 	 18148 	 3230
1964_02_01_5898.huff 	 44869 	 22118 	 4003
1964_02_21_3523.huff 	 13994 	 6509 	 1182
1964_02_29_5899.huff 	 88988 	 47492 	 8586
1964_03_07_5900.huff 	 53232 	 26415 	 4754
1964_04_16_5901.huff 	 51605 	 25085 	 4624
1964_04_20_5659.huff 	 92846 	 49894 	 8778
1964_05_06_5902.huff 	 50906 	 25009 	 4540
1964_05_22_3383.huff 	 21292 	 9864 	 1821
1964_07_02_3525.huff 	 12318 	 5778 	 1035
1964_07_24_5903.huff 	 50504 	 25201 	 4549
1964_08_04_3998.huff 	 6493 	 3121 	 549
1964_08_05_5930.huff 	 12893 	 6264 	 1100
1964_08_27_5660.huff 	 49824 	 24002 	 4614
1964_10_09_3526.huff 	 50138 	 23147 	 4568
1964_10_18_5661.huff 	 43530 	 21070 	 3906
1964_10_27_3405.huff 	 54078 	 25390 	 4766
1965_01_04_4000.huff 	 49166 	 24371 	 4390
1965_01_20_4031.huff 	 17553 	 7866 	 1493
1965_02_04_5904.huff 	 49613 	 24770 	 4516
1965_03_13_5905.huff 	 43320 	 21423 	 3913
1965_03_15_3386.huff 	 41761 	 19640 	 3729
1965_03_20_5906.huff 	 53786 	 26473 	 4815
1965_03_26_5932.huff 	 9220 	 4276 	 769
1965_03_26_5933.huff 	 11226 	 5077 	 940
1965_04_07_5662.huff 	 62094 	 30725 	 5771
1965_04_27_5907.huff 	 52448 	 25644 	 4692
1965_04_28_4032.huff 	 2868 	 1480 	 247
1965_05_02_4033.huff 	 30329 	 15061 	 2671
1965_05_13_5934.huff 	 28604 	 13579 	 2480
1965_06_01_5908.huff 	 51401 	 25682 	 4607
1965_06_04_3387.huff 	 32251 	 15615 	 2833
1965_06_11_5935.huff 	 13556 	 5994 	 1135
1965_06_25_5664.huff 	 40752 	 20683 	 3684
1965_07_13_5909.huff 	 47757 	 23586 	 4298
1965_07_28_5910.huff 	 58044 	 28343 	 5262
1965_08_06_4034.huff 	 21760 	 10152 	 1869
1965_08_25_5911.huff 	 55257 	 27420 	 4955
1966_01_12_4035.huff 	 61326 	 31122 	 5579
1966_01_31_5936.huff 	 9513 	 4489 	 809
1966_02_23_5937.huff 	 44485 	 21337 	 3947
1966_03_23_5938.huff 	 18792 	 8963 	 1599
1966_06_30_5939.huff 	 43094 	 20932 	 3857
1966_07_05_5912.huff 	 55243 	 27400 	 4953
1966_07_12_4038.huff 	 29238 	 13840 	 2553
1966_07_20_5913.huff 	 45847 	 22829 	 4109
1966_10_06_5914.huff 	 44171 	 21968 	 3946
1966_10_15_5525.huff 	 10079 	 4923 	 844
1966_10_17_5915.huff 	 3762 	 1770 	 320
1966_12_31_5916.huff 	 35901 	 17175 	 3208
1967_01_10_5665.huff 	 147738 	 81162 	 14476
1967_02_02_5917.huff 	 36244 	 17381 	 3259
1967_03_09_5918.huff 	 49542 	 24123 	 4464
1967_03_15_5940.huff 	 39695 	 19810 	 3468
1967_07_24_4039.huff 	 10644 	 5292 	 905
1967_07_27_4040.huff 	 22727 	 10736 	 1918
1967_08_18_5919.huff 	 48415 	 23903 	 4382
1967_09_29_4041.huff 	 32516 	 15784 	 2830
1967_11_17_5920.huff 	 60565 	 29410 	 5599
1967_12_19_5921.huff 	 92750 	 47525 	 9073
1968_01_17_5666.huff 	 104710 	 55892 	 9962
1968_03_31_3388.huff 	 46852 	 23073 	 4142
1968_04_01_5941.huff 	 29894 	 13966 	 2616
1968_04_03_5922.huff 	 4776 	 2462 	 420
1968_04_11_4036.huff 	 8195 	 3639 	 690
1968_07_01_4037.huff 	 13501 	 6726 	 1146
1968_10_31_3389.huff 	 24194 	 11884 	 2102
1969_01_14_5667.huff 	 87162 	 45774 	 8292
1969_01_20_3587.huff 	 24759 	 11219 	 2131
1969_11_03_3873.huff 	 50869 	 25427 	 4585
1970_01_22_3889.huff 	 49848 	 24748 	 4493
1970_04_30_3890.huff 	 31149 	 15606 	 2731
1971_01_22_3874.huff 	 50229 	 25178 	 4551
1971_02_25_3875.huff 	 40155 	 20015 	 3559
1971_04_07_3876.huff 	 29573 	 14219 	 2612
1971_05_20_3877.huff 	 3239 	 1641 	 273
1972_01_20_3878.huff 	 45192 	 22498 	 4016
1972_01_25_3879.huff 	 29274 	 14341 	 2537
1972_05_08_3880.huff 	 26103 	 12715 	 2243
1972_11_06_3881.huff 	 6991 	 3152 	 597
1972_11_07_3882.huff 	 8266 	 3634 	 703
1973_01_20_3588.huff 	 20909 	 9713 	 1819
1973_01_23_3884.huff 	 14732 	 6895 	 1257
1973_04_30_3885.huff 	 31706 	 15404 	 2773
1973_08_15_3886.huff 	 41131 	 20461 	 3630
1974_01_30_3887.huff 	 56903 	 28681 	 5209
1974_02_25_3888.huff 	 58477 	 28996 	 5414
1974_04_29_3872.huff 	 53535 	 27013 	 4814
1974_08_08_3871.huff 	 20727 	 9649 	 1811
1974_08_09_3390.huff 	 10111 	 4578 	 850
1974_08_09_3891.huff 	 21272 	 8997 	 1837
1974_09_08_5598.huff 	 12923 	 5834 	 1094
1974_09_16_3522.huff 	 7116 	 3482 	 594
1974_09_18_5498.huff 	 24337 	 12184 	 2096
1974_10_08_3283.huff 	 50387 	 25104 	 4356
1975_01_15_5499.huff 	 48075 	 24233 	 4179
1975_04_10_5500.huff 	 66820 	 35761 	 6117
1975_04_23_3392.huff 	 27784 	 13481 	 2400
1975_05_27_3985.huff 	 16591 	 7662 	 1377
1975_08_01_3393.huff 	 32263 	 16596 	 2798
1975_12_07_5501.huff 	 26082 	 13305 	 2267
1976_01_19_5599.huff 	 57267 	 29053 	 5031
1976_08_19_3394.huff 	 34012 	 16184 	 2930
1976_08_19_5842.huff 	 9417 	 4067 	 788
1976_09_23_5546.huff 	 140401 	 75256 	 13833
1976_10_06_5538.huff 	 133061 	 72438 	 13124
1976_10_22_5539.huff 	 136220 	 72517 	 13282
1977_01_12_5600.huff 	 53659 	 27761 	 4762
1977_01_20_3286.huff 	 14633 	 6686 	 1229
1977_02_02_3396.huff 	 40107 	 19773 	 3527
1977_03_09_3397.huff 	 55177 	 27516 	 4974
1977_04_18_3398.huff 	 30780 	 14543 	 2676
1977_05_22_3399.huff 	 36982 	 18315 	 3236
1977_09_07_3928.huff 	 8099 	 3857 	 697
1977_11_08_3400.huff 	 28970 	 13939 	 2509
1978_01_19_5537.huff 	 52391 	 25999 	 4656
1978_09_17_3401.huff 	 8987 	 4462 	 753
1978_10_24_5547.huff 	 37902 	 18801 	 3300
1978_12_15_3935.huff 	 10735 	 5379 	 926
1979_01_23_5533.huff 	 37768 	 19215 	 3328
1979_07_15_3402.huff 	 41516 	 19722 	 3682
1979_11_13_5852.huff 	 42179 	 20439 	 3702
1980_01_04_3403.huff 	 15996 	 8245 	 1363
1980_01_23_3404.huff 	 39133 	 19778 	 3470
1980_04_25_3936.huff 	 9687 	 4726 	 817
1980_07_17_3406.huff 	 53151 	 25991 	 4699
1980_08_14_5534.huff 	 53550 	 26234 	 4789
1980_10_28_5535.huff 	 156480 	 85334 	 15526
1981_01_14_5536.huff 	 25327 	 12293 	 2189
1981_01_20_3407.huff 	 28560 	 13352 	 2453
1981_01_29_5853.huff 	 50878 	 24618 	 4573
1981_04_28_5446.huff 	 28537 	 13476 	 2461
1981_05_17_5854.huff 	 38130 	 17730 	 3313
1981_06_29_5855.huff 	 45620 	 22115 	 3974
1981_07_27_5676.huff 	 40802 	 19304 	 3555
1981_08_03_5452.huff 	 28591 	 13466 	 2521
1981_11_18_5447.huff 	 37775 	 19082 	 3293
1981_12_23_5448.huff 	 25854 	 12429 	 2203
1982_01_26_5679.huff 	 60118 	 30219 	 5288
1982_06_08_3408.huff 	 50834 	 25557 	 4466
1982_06_09_5449.huff 	 39829 	 20097 	 3480
1982_06_17_5450.huff 	 40782 	 20534 	 3541
1982_08_16_5677.huff 	 36358 	 17058 	 3145
1982_09_01_5856.huff 	 33409 	 16823 	 2957
1982_09_20_5453.huff 	 15135 	 7144 	 1283
1983_01_25_5680.huff 	 63517 	 32285 	 5681
1983_02_18_5857.huff 	 58671 	 28620 	 5160
1983_03_08_3409.huff 	 45403 	 22189 	 3932
1983_03_23_5454.huff 	 52817 	 26121 	 4630
1983_04_27_5858.huff 	 50306 	 25647 	 4398
1983_09_05_5859.huff 	 30443 	 14535 	 2604
1983_10_27_5860.huff 	 90182 	 46008 	 8460
1983_11_02_5455.huff 	 10600 	 4677 	 874
1983_11_04_5456.huff 	 12016 	 5421 	 1000
1984_01_25_5457.huff 	 58010 	 28735 	 5059
1984_01_29_5861.huff 	 8940 	 4059 	 738
1984_05_28_5862.huff 	 27507 	 12886 	 2388
1984_06_03_5863.huff 	 26930 	 12136 	 2352
1984_06_06_3410.huff 	 21979 	 9854 	 1866
1984_08_23_3411.huff 	 58920 	 28623 	 5187
1984_10_07_5459.huff 	 159562 	 83972 	 15959
1984_10_21_5463.huff 	 143997 	 76969 	 14237
1985_01_21_3923.huff 	 30351 	 14242 	 2607
1985_02_06_5681.huff 	 49970 	 24503 	 4309
1985_05_05_3412.huff 	 14004 	 6307 	 1165
1985_11_21_3924.huff 	 28298 	 13442 	 2433
1986_01_28_3413.huff 	 8011 	 3475 	 673
1986_02_04_5682.huff 	 41195 	 19716 	 3560
1986_04_14_5864.huff 	 12147 	 5749 	 997
1986_09_14_5465.huff 	 35086 	 16194 	 3009
1986_10_13_5865.huff 	 34388 	 16914 	 2988
1986_10_22_5678.huff 	 17401 	 8075 	 1456
1987_01_27_5683.huff 	 44796 	 21573 	 3890
1987_03_04_3414.huff 	 22977 	 10533 	 1958
1987_06_12_3415.huff 	 31674 	 15362 	 2721
1987_12_08_5866.huff 	 11915 	 5465 	 974
1987_12_10_5867.huff 	 31873 	 15238 	 2757
1988_01_25_5684.huff 	 56172 	 27716 	 4975
1988_05_31_3416.huff 	 77719 	 38629 	 7166
1988_08_15_5469.huff 	 52585 	 24488 	 4622
1988_08_18_5526.huff 	 47132 	 21465 	 4174
1988_09_25_5527.huff 	 161126 	 84882 	 16192
1988_09_26_5868.huff 	 56016 	 28437 	 5001
1988_11_11_3417.huff 	 3413 	 1410 	 284
1988_12_16_5470.huff 	 78685 	 40085 	 7204
1989_01_11_3418.huff 	 38661 	 17552 	 3401
1989_01_20_3419.huff 	 27167 	 12128 	 2341
1989_02_09_3420.huff 	 55735 	 27049 	 4917
1989_05_12_3421.huff 	 28885 	 13934 	 2473
1989_12_20_3422.huff 	 9163 	 4660 	 775
1990_01_31_3423.huff 	 43919 	 20805 	 3878
1990_07_26_3424.huff 	 21736 	 10326 	 1842
1990_08_08_5529.huff 	 17477 	 8321 	 1446
1990_09_11_3425.huff 	 38455 	 18745 	 3320
1990_10_01_3426.huff 	 31885 	 15483 	 2796
1990_10_02_3427.huff 	 13709 	 6140 	 1146
1991_01_16_3428.huff 	 18291 	 8485 	 1529
1991_01_29_3429.huff 	 45687 	 22635 	 4019
1991_02_27_5530.huff 	 9389 	 4413 	 784
1991_03_06_3430.huff 	 32344 	 15218 	 2818
1991_07_31_5605.huff 	 120064 	 66870 	 12040
1992_01_28_5531.huff 	 58793 	 27779 	 5220
1992_08_20_3431.huff 	 57853 	 27059 	 5108
1992_10_11_5532.huff 	 170033 	 88408 	 17078
1992_12_04_3984.huff 	 13934 	 6371 	 1154
1992_12_15_3432.huff 	 43975 	 21593 	 3830
1993_01_05_3433.huff 	 38217 	 18489 	 3337
1993_01_20_3434.huff 	 18990 	 8848 	 1610
1993_01_29_4561.huff 	 27032 	 12930 	 2362
1993_02_05_4562.huff 	 12701 	 5708 	 1058
1993_02_17_3435.huff 	 76868 	 38439 	 7127
1993_04_30_4563.huff 	 57112 	 27809 	 5183
1993_05_05_4564.huff 	 11991 	 5604 	 1002
1993_06_06_4565.huff 	 12953 	 5703 	 1086
1993_09_13_3925.huff 	 13549 	 6337 	 1133
1993_09_22_3926.huff 	 78848 	 39652 	 7323
1993_10_07_4566.huff 	 22350 	 10383 	 1897
1993_11_13_3436.huff 	 48585 	 22229 	 4365
1993_12_08_3927.huff 	 29875 	 14271 	 2599
1994_01_25_3437.huff 	 82902 	 41128 	 7548
1994_06_06_3438.huff 	 16166 	 7205 	 1329
1994_07_12_3439.huff 	 9110 	 4125 	 757
1995_01_24_3440.huff 	 99576 	 50052 	 9409
1995_04_23_3441.huff 	 10953 	 4646 	 914
1995_07_19_4594.huff 	 72009 	 36979 	 6547
1995_10_16_4595.huff 	 52749 	 25475 	 4683
1995_11_27_3929.huff 	 33596 	 16473 	 2949
1995_11_30_3442.huff 	 35015 	 16564 	 3065
1996_01_23_5494.huff 	 70949 	 35595 	 6435
1996_06_25_4596.huff 	 22503 	 10714 	 1927
1996_08_29_4597.huff 	 78247 	 38082 	 7171
1996_10_06_4598.huff 	 175122 	 92125 	 17749
1996_11_03_4599.huff 	 36519 	 16381 	 3231
1997_01_20_3443.huff 	 25117 	 11876 	 2172
1997_02_04_5495.huff 	 75322 	 37977 	 6851
1997_04_22_4600.huff 	 14747 	 6480 	 1242
1998_01_26_3930.huff 	 11739 	 5083 	 970
1998_01_27_3444.huff 	 82504 	 41276 	 7467
1998_03_23_4601.huff 	 19949 	 9393 	 1683
1998_03_25_4602.huff 	 26209 	 12461 	 2251
1998_08_17_3931.huff 	 6502 	 2947 	 544
1999_01_19_5496.huff 	 84151 	 42452 	 7629
1999_03_24_3932.huff 	 22667 	 10680 	 1921
1999_06_10_3933.huff 	 20051 	 9491 	 1691
2000_01_27_5497.huff 	 100510 	 51053 	 9279
2001_01_18_4155.huff 	 13414 	 6241 	 1123
2001_01_20_3645.huff 	 18791 	 8735 	 1594
2001_06_07_3986.huff 	 11205 	 5127 	 928
2002_01_29_4540.huff 	 44506 	 22040 	 3869
2003_01_28_4541.huff 	 61542 	 31122 	 5445
2004_01_20_4542.huff 	 59384 	 29881 	 5236
2005_01_20_4463.huff 	 23895 	 11655 	 2084
2005_02_02_4464.huff 	 57851 	 29152 	 5098
2006_01_31_4461.huff 	 60776 	 30723 	 5367
2007_01_23_4455.huff 	 63388 	 31196 	 5648
2008_01_28_4454.huff 	 65099 	 33015 	 5789
2008_03_19_4452.huff 	 37214 	 18160 	 3223
2008_08_28_4427.huff 	 54037 	 25287 	 4795
2008_11_04_4424.huff 	 23289 	 10236 	 1985
2009_01_15_4450.huff 	 22343 	 10405 	 1878
2009_01_20_4453.huff 	 28174 	 13046 	 2412
2009_02_24_4612.huff 	 68593 	 33617 	 6199
2009_06_04_5502.huff 	 67165 	 33878 	 6073
2009_09_09_5548.huff 	 63284 	 31444 	 5692
2010_01_27_5706.huff 	 82375 	 40920 	 7476
