old-100
FILE 	 HUFFSIZE 	 ORIGINAL SIZE 	 WORDSIZE
1789_04_30_3446.huff 	 13579 	 8520 	 1433
1789_10_03_3447.huff 	 4006 	 2500 	 435
1790_01_08_3448.huff 	 7695 	 5197 	 848
1790_12_08_3449.huff 	 12747 	 8256 	 1400
1790_12_29_3450.huff 	 13001 	 7727 	 1401
1791_10_25_3451.huff 	 20456 	 13669 	 2267
1792_04_05_3452.huff 	 1419 	 966 	 156
1792_11_06_3938.huff 	 21657 	 13927 	 2358
1792_12_12_3453.huff 	 1797 	 1122 	 190
1793_03_04_3454.huff 	 1265 	 776 	 136
1793_04_22_3455.huff 	 2127 	 1395 	 237
1793_12_03_3456.huff 	 17960 	 11444 	 1973
1794_08_07_3721.huff 	 11986 	 7626 	 1284
1794_09_25_3458.huff 	 6194 	 3992 	 653
1794_11_19_3459.huff 	 27500 	 17327 	 2927
1795_07_10_3460.huff 	 3760 	 2314 	 382
1795_12_08_3939.huff 	 18359 	 11992 	 1977
1796_03_30_3461.huff 	 9450 	 6261 	 1065
1796_08_29_3941.huff 	 15272 	 8537 	 1602
1796_09_19_3462.huff 	 58190 	 36045 	 6074
1796_12_07_3463.huff 	 26307 	 17030 	 2865
1797_03_04_3445.huff 	 21615 	 13603 	 2322
1797_05_16_3464.huff 	 27783 	 18104 	 3025
1797_11_22_3465.huff 	 18739 	 12172 	 2049
1798_03_23_3942.huff 	 6142 	 3910 	 655
1798_12_08_3466.huff 	 20243 	 13185 	 2218
1799_12_03_3467.huff 	 13459 	 9010 	 1494
1799_12_19_3943.huff 	 12690 	 7302 	 1265
1800_05_21_3944.huff 	 2816 	 1740 	 291
1800_11_22_3468.huff 	 12398 	 8215 	 1374
1801_03_04_3469.huff 	 16525 	 9923 	 1732
1801_07_12_3470.huff 	 11558 	 6877 	 1211
1801_12_08_3471.huff 	 30240 	 19077 	 3235
1802_01_01_3473.huff 	 2249 	 1400 	 234
1802_11_03_3474.huff 	 8612 	 4891 	 914
1802_12_15_3475.huff 	 19816 	 12351 	 2125
1803_01_18_3476.huff 	 12027 	 7605 	 1284
1803_06_20_3477.huff 	 22649 	 13360 	 2345
1803_10_17_3478.huff 	 21359 	 13931 	 2301
1803_12_17_3479.huff 	 10822 	 5859 	 1140
1804_11_08_3480.huff 	 19086 	 12375 	 2100
1805_03_04_3491.huff 	 20535 	 12609 	 2152
1805_12_03_3493.huff 	 26955 	 16679 	 2902
1805_12_06_3492.huff 	 9277 	 5803 	 993
1806_01_10_3494.huff 	 8202 	 4381 	 847
1806_11_27_3722.huff 	 3950 	 2562 	 425
1806_12_02_3495.huff 	 26691 	 16947 	 2881
1806_12_30_3496.huff 	 11209 	 5982 	 1175
1807_01_22_3497.huff 	 23282 	 14464 	 2478
1807_02_10_3498.huff 	 10781 	 6567 	 1143
1807_07_02_3499.huff 	 10685 	 6817 	 1174
1807_10_27_3500.huff 	 22067 	 13939 	 2373
1808_11_08_3501.huff 	 24835 	 16092 	 2710
1809_03_04_3482.huff 	 10910 	 6905 	 1177
1809_04_03_3502.huff 	 3224 	 1863 	 337
1809_05_23_3607.huff 	 9981 	 6514 	 1116
1809_11_29_3608.huff 	 16604 	 10868 	 1832
1810_10_27_3610.huff 	 5598 	 3654 	 624
1810_12_05_3609.huff 	 22262 	 14772 	 2451
1811_02_21_3611.huff 	 3137 	 2062 	 335
1811_11_05_3613.huff 	 20857 	 13690 	 2275
1812_06_01_3614.huff 	 26631 	 17228 	 2851
1812_06_19_3615.huff 	 2622 	 1674 	 289
1812_07_09_3616.huff 	 2922 	 1808 	 311
1812_11_04_3619.huff 	 30124 	 19251 	 3251
1813_03_04_3620.huff 	 11398 	 7055 	 1211
1813_05_25_3621.huff 	 19325 	 12168 	 2111
1813_07_23_3622.huff 	 7394 	 4624 	 799
1813_12_07_3623.huff 	 30161 	 19136 	 3262
1814_09_01_3624.huff 	 6498 	 4141 	 696
1814_09_20_3625.huff 	 20120 	 12363 	 2115
1815_01_30_3626.huff 	 11495 	 7358 	 1281
1815_02_18_3627.huff 	 7569 	 4958 	 829
1815_12_05_3628.huff 	 29058 	 19107 	 3186
1816_12_03_3629.huff 	 30428 	 19976 	 3370
1817_03_03_3630.huff 	 7226 	 4856 	 815
1817_03_04_3483.huff 	 31021 	 19556 	 3379
1817_12_02_3594.huff 	 39977 	 25759 	 4447
1818_11_16_3596.huff 	 39969 	 25970 	 4378
1819_12_07_3597.huff 	 42353 	 27356 	 4711
1820_11_14_3598.huff 	 31501 	 20068 	 3464
1821_03_05_3601.huff 	 41015 	 25884 	 4482
1821_07_04_3484.huff 	 4443 	 2603 	 447
1821_12_03_3602.huff 	 52646 	 33708 	 5858
1822_12_03_3603.huff 	 43072 	 27660 	 4765
1823_12_02_3604.huff 	 58404 	 37578 	 6423
1824_12_07_3606.huff 	 76087 	 48968 	 8444
1825_03_04_3513.huff 	 26753 	 17489 	 2917
1825_12_06_3514.huff 	 82837 	 53039 	 9088
1826_12_05_3515.huff 	 71111 	 45626 	 7848
1827_12_04_3516.huff 	 64096 	 41545 	 7058
1828_12_02_3517.huff 	 67263 	 43365 	 7391
1829_03_04_3485.huff 	 10399 	 6722 	 1128
1829_05_11_3631.huff 	 3607 	 2348 	 402
1829_12_08_3632.huff 	 97401 	 61903 	 10568
1830_10_05_3633.huff 	 7515 	 4812 	 846
1830_12_06_3634.huff 	 138047 	 88827 	 15043
1831_12_06_3635.huff 	 66094 	 42221 	 7211
1832_07_10_3636.huff 	 74155 	 46421 	 8138
1832_12_04_3637.huff 	 71900 	 46153 	 7903
1833_03_04_3639.huff 	 10837 	 6946 	 1176
1833_12_03_3640.huff 	 71768 	 46194 	 7930
1834_12_01_3641.huff 	 124414 	 79060 	 13514
1835_12_07_3642.huff 	 99667 	 63520 	 10864
1836_12_05_3643.huff 	 114040 	 72318 	 12428
1837_03_04_3486.huff 	 37413 	 23066 	 3846
1837_03_04_3644.huff 	 77490 	 47766 	 8254
1837_09_04_3724.huff 	 109311 	 69051 	 11785
1837_12_05_3589.huff 	 106293 	 67914 	 11513
1838_01_05_3725.huff 	 3569 	 2348 	 396
1838_12_03_3591.huff 	 106608 	 68824 	 11558
1839_12_02_3592.huff 	 126147 	 78957 	 13492
1840_12_05_3593.huff 	 84046 	 54157 	 9014
1841_01_02_3726.huff 	 8432 	 5047 	 882
1841_03_04_3548.huff 	 77994 	 48991 	 8465
1841_12_07_3549.huff 	 77293 	 48129 	 8295
1845_03_04_3550.huff 	 44737 	 28267 	 4814
1849_03_05_3551.huff 	 10101 	 6504 	 1091
1850_12_02_3552.huff 	 77820 	 49039 	 8373
1852_07_06_3487.huff 	 107722 	 60149 	 10878
1853_03_04_3553.huff 	 32346 	 19750 	 3342
1853_12_05_3728.huff 	 90875 	 57134 	 9677
1854_01_18_3727.huff 	 2533 	 1619 	 271
1854_10_16_3503.huff 	 318186 	 181760 	 33420
1854_12_04_3729.huff 	 96990 	 60991 	 10213
1855_12_31_3730.huff 	 108184 	 69350 	 11672
1856_12_02_3731.huff 	 97680 	 62898 	 10567
1857_03_04_3554.huff 	 26538 	 16532 	 2836
1857_12_08_3732.huff 	 130196 	 80636 	 13775
1858_06_16_3504.huff 	 31917 	 17778 	 3226
1858_12_06_3733.huff 	 155947 	 96899 	 16505
1859_12_19_3734.huff 	 119227 	 72729 	 12513
1860_02_27_3505.huff 	 60266 	 34825 	 6164
1860_12_03_3735.huff 	 133043 	 82815 	 14150
1861_02_11_3506.huff 	 1505 	 776 	 152
1861_03_04_3507.huff 	 69092 	 41212 	 7272
1861_07_04_3508.huff 	 118368 	 71328 	 12572
1861_12_03_3736.huff 	 67248 	 40806 	 7052
1862_12_01_3737.huff 	 83685 	 48876 	 8550
1863_01_01_3509.huff 	 6769 	 4146 	 711
1863_08_26_3510.huff 	 33476 	 17822 	 3396
1863_11_19_3511.huff 	 2700 	 1421 	 272
1863_12_08_3738.huff 	 59595 	 36487 	 6221
1864_12_06_3739.huff 	 58124 	 34799 	 5997
1865_03_04_3512.huff 	 7001 	 3849 	 705
1865_12_04_3555.huff 	 85872 	 53861 	 9294
1869_03_04_3556.huff 	 10814 	 6379 	 1132
1869_12_06_3740.huff 	 73114 	 45152 	 7777
1870_12_05_3741.huff 	 84007 	 51175 	 8847
1871_12_04_3742.huff 	 60732 	 38083 	 6476
1872_12_02_3743.huff 	 100038 	 60356 	 10410
1873_03_04_3557.huff 	 12597 	 7578 	 1341
1873_12_01_3744.huff 	 97254 	 59270 	 10156
1874_12_07_3745.huff 	 93357 	 57804 	 9889
1875_12_07_3746.huff 	 117045 	 71928 	 12324
1876_12_05_3747.huff 	 64446 	 40126 	 6860
1877_03_05_3558.huff 	 23138 	 14676 	 2494
1877_12_03_3748.huff 	 101860 	 63915 	 10862
1878_12_02_3749.huff 	 76390 	 47668 	 8037
1879_12_01_3750.huff 	 110950 	 69987 	 11801
1880_12_06_3751.huff 	 129370 	 80960 	 13593
1881_03_04_3559.huff 	 28332 	 17494 	 2993
1881_12_06_3560.huff 	 134200 	 80527 	 13710
1882_12_04_3752.huff 	 103046 	 61739 	 10519
1883_12_04_3753.huff 	 85740 	 51361 	 8681
1884_12_01_3754.huff 	 88849 	 54237 	 9112
1885_03_04_3571.huff 	 15770 	 9990 	 1691
1885_12_08_3755.huff 	 192046 	 119104 	 19979
1886_12_06_3756.huff 	 147396 	 91414 	 15374
1887_12_06_3757.huff 	 51818 	 31173 	 5365
1888_12_03_3758.huff 	 130549 	 80055 	 13434
1889_03_04_3561.huff 	 42502 	 25858 	 4407
1889_12_03_3765.huff 	 125248 	 76723 	 13143
1890_12_01_3766.huff 	 112793 	 68497 	 11675
1891_12_09_3767.huff 	 158020 	 95438 	 16536
1892_12_06_3768.huff 	 137967 	 80454 	 14111
1893_03_04_3572.huff 	 19921 	 12214 	 2028
1893_08_08_3759.huff 	 20535 	 12221 	 2104
1893_12_04_3760.huff 	 126314 	 75480 	 12681
1894_12_03_3762.huff 	 161846 	 96239 	 16370
1895_12_02_3763.huff 	 145968 	 88452 	 14868
1896_12_07_3764.huff 	 157322 	 93353 	 15901
1897_03_04_3562.huff 	 37663 	 23247 	 3977
1897_12_06_3769.huff 	 116488 	 71532 	 12225
1898_12_05_3770.huff 	 201497 	 121684 	 20533
1899_12_05_3771.huff 	 222423 	 137444 	 23065
1900_12_03_3772.huff 	 190450 	 116387 	 19479
1901_03_04_3563.huff 	 21321 	 13190 	 2225
1901_12_03_3773.huff 	 191909 	 113948 	 19736
1902_12_02_3774.huff 	 95648 	 56737 	 9838
1903_12_07_3775.huff 	 145660 	 88561 	 15059
1904_12_06_3776.huff 	 171387 	 102379 	 17559
1905_03_04_3564.huff 	 9602 	 5471 	 991
1905_12_05_3777.huff 	 243634 	 145178 	 25168
1906_12_03_3778.huff 	 230985 	 135848 	 23725
1907_12_03_3779.huff 	 267573 	 159425 	 27581
1908_12_09_3780.huff 	 191871 	 113651 	 19565
1909_03_04_3565.huff 	 51555 	 31728 	 5442
1909_11_17_3781.huff 	 76311 	 43497 	 7878
1909_12_07_3782.huff 	 132196 	 83523 	 13985
1910_12_06_3783.huff 	 272270 	 165510 	 28272
1911_01_26_3784.huff 	 22696 	 13874 	 2294
1911_12_05_3785.huff 	 231276 	 141324 	 23994
1912_12_03_3786.huff 	 243619 	 150971 	 25409
1913_03_04_3566.huff 	 16998 	 9371 	 1712
1913_07_04_3787.huff 	 12692 	 6716 	 1267
1913_10_25_3788.huff 	 19421 	 10553 	 1956
1913_12_02_3789.huff 	 34051 	 20203 	 3567
1914_01_20_3790.huff 	 24518 	 14764 	 2523
1914_08_20_3791.huff 	 6062 	 3517 	 632
1914_10_20_3792.huff 	 10286 	 5704 	 1078
1914_12_08_3793.huff 	 43411 	 24912 	 4548
1915_12_07_3794.huff 	 75676 	 44028 	 7772
1916_09_02_3795.huff 	 53822 	 31612 	 5537
1916_12_05_3796.huff 	 20124 	 12584 	 2127
1917_01_22_3797.huff 	 25395 	 14958 	 2685
1917_03_05_3567.huff 	 14500 	 8248 	 1531
1917_04_02_4722.huff 	 35328 	 20662 	 3679
1917_04_06_3798.huff 	 14410 	 8770 	 1541
1917_12_04_3799.huff 	 37762 	 21693 	 3935
1918_12_02_3801.huff 	 53076 	 30929 	 5495
1919_12_02_3802.huff 	 46533 	 28090 	 4773
1920_12_07_3803.huff 	 26023 	 15879 	 2744
1921_03_04_3568.huff 	 34304 	 19866 	 3346
1921_12_06_3804.huff 	 56310 	 33673 	 5652
1922_12_08_3805.huff 	 58257 	 34829 	 5786
1923_12_06_3806.huff 	 66066 	 40357 	 6746
1924_12_03_3807.huff 	 68193 	 41883 	 7019
1925_03_04_3569.huff 	 39396 	 23540 	 4057
1925_12_08_3808.huff 	 106796 	 65151 	 10958
1926_12_07_3809.huff 	 101916 	 61672 	 10407
1927_08_10_3810.huff 	 10130 	 6136 	 1044
1927_12_06_3811.huff 	 87652 	 53186 	 8880
1928_10_22_6000.huff 	 60894 	 36485 	 6211
1928_12_04_3812.huff 	 81585 	 49225 	 8168
1929_03_04_3570.huff 	 36080 	 22593 	 3766
1929_07_24_3813.huff 	 10701 	 6529 	 1100
1933_03_04_3280.huff 	 18898 	 10793 	 1901
1933_03_12_3298.huff 	 17374 	 9868 	 1797
1933_05_07_3299.huff 	 29305 	 16903 	 2971
1933_07_24_3300.huff 	 29718 	 16411 	 2971
1933_10_22_3301.huff 	 27002 	 14915 	 2720
1934_06_28_3302.huff 	 25209 	 14532 	 2531
1934_09_30_3303.huff 	 31614 	 18648 	 3163
1935_04_28_3304.huff 	 30593 	 17888 	 3096
1936_06_27_3305.huff 	 20096 	 11307 	 2015
1936_09_06_3306.huff 	 32755 	 18203 	 3207
1936_10_31_3307.huff 	 24978 	 13653 	 2468
1937_01_20_3308.huff 	 18441 	 10372 	 1825
1937_03_09_3309.huff 	 39830 	 22920 	 4066
1937_10_05_3310.huff 	 18385 	 10818 	 1864
1937_10_12_3311.huff 	 32784 	 18377 	 3271
1937_11_14_3312.huff 	 16280 	 9290 	 1634
1938_04_14_3313.huff 	 45496 	 25830 	 4599
1938_06_24_3314.huff 	 35619 	 20302 	 3533
1938_07_08_3573.huff 	 14775 	 8211 	 1446
1939_09_03_3315.huff 	 11746 	 6699 	 1241
1940_05_26_3316.huff 	 38824 	 21263 	 3871
1940_06_10_3317.huff 	 18743 	 11016 	 1970
1940_07_19_3318.huff 	 34418 	 19715 	 3544
1940_12_29_3319.huff 	 39720 	 22208 	 4041
1941_01_06_3320.huff 	 32807 	 18840 	 3330
1941_01_20_3321.huff 	 13206 	 7368 	 1362
1941_03_15_3322.huff 	 30266 	 16647 	 3031
1941_05_27_3814.huff 	 46332 	 26288 	 4620
1941_09_11_3323.huff 	 30557 	 17146 	 3065
1941_12_08_3324.huff 	 5271 	 3075 	 518
1941_12_09_3325.huff 	 30141 	 16543 	 3023
1941_12_11_3815.huff 	 1308 	 817 	 139
1942_02_23_3326.huff 	 43183 	 23646 	 4251
1942_04_28_3327.huff 	 39516 	 21408 	 3868
1942_09_07_3328.huff 	 31830 	 17350 	 3180
1942_10_12_3329.huff 	 34645 	 19085 	 3483
1943_01_07_3816.huff 	 46416 	 25610 	 4625
1943_05_02_3330.huff 	 24455 	 13529 	 2465
1943_07_28_3331.huff 	 34907 	 19271 	 3468
1943_09_08_3332.huff 	 14731 	 7822 	 1466
1943_12_01_3817.huff 	 3464 	 1986 	 351
1943_12_24_3333.huff 	 34026 	 18778 	 3397
1944_01_11_3955.huff 	 34296 	 19341 	 3469
1944_06_05_3334.huff 	 16531 	 9264 	 1665
1944_06_12_3335.huff 	 16852 	 9091 	 1650
1944_07_20_3336.huff 	 17548 	 9844 	 1777
1945_01_20_3337.huff 	 5530 	 2924 	 561
1945_02_11_3819.huff 	 19774 	 12294 	 2019
1945_03_01_3338.huff 	 59201 	 33424 	 6044
1945_04_16_3339.huff 	 18997 	 10593 	 1880
1945_05_08_3340.huff 	 7056 	 3768 	 709
1945_08_06_3820.huff 	 11840 	 6616 	 1166
1945_08_09_3821.huff 	 40119 	 23062 	 4075
1945_09_01_3341.huff 	 12476 	 6795 	 1268
1945_10_27_3342.huff 	 25584 	 14596 	 2603
1947_03_12_3343.huff 	 21962 	 13236 	 2213
1947_06_20_3344.huff 	 17987 	 10155 	 1807
1947_06_29_3345.huff 	 12221 	 7000 	 1232
1948_07_15_3346.huff 	 26828 	 14429 	 2721
1948_09_18_3347.huff 	 7675 	 3874 	 794
1948_09_18_3348.huff 	 8371 	 4234 	 817
1948_11_03_3349.huff 	 2760 	 1432 	 285
1949_01_20_3350.huff 	 22656 	 13356 	 2284
1951_04_11_3351.huff 	 24244 	 13392 	 2469
1952_03_15_3352.huff 	 19260 	 10065 	 1970
1952_03_29_3353.huff 	 37913 	 20233 	 3804
1952_09_23_4638.huff 	 48021 	 24060 	 4800
1952_10_22_3354.huff 	 12749 	 6513 	 1280
1953_01_15_3355.huff 	 38053 	 19751 	 3802
1953_01_20_3356.huff 	 24769 	 13616 	 2476
1953_04_16_3357.huff 	 28869 	 15977 	 2918
1953_12_08_3358.huff 	 30617 	 17666 	 3075
1956_08_23_3359.huff 	 45046 	 25074 	 4406
1957_01_05_3360.huff 	 33992 	 20490 	 3443
1960_07_15_3362.huff 	 26376 	 14003 	 2558
1960_09_12_3363.huff 	 15894 	 8671 	 1561
1960_09_26_5728.huff 	 109031 	 59322 	 11037
1960_10_07_5729.huff 	 113524 	 61224 	 11385
1960_10_13_5730.huff 	 110015 	 58786 	 10930
1960_10_21_5731.huff 	 109384 	 59337 	 10991
1961_01_09_3364.huff 	 9232 	 5012 	 911
1961_01_17_3361.huff 	 18954 	 10919 	 1858
1961_01_20_3365.huff 	 13974 	 7371 	 1368
1961_01_30_5945.huff 	 54826 	 30901 	 5301
1961_02_21_5946.huff 	 9594 	 5288 	 975
1961_03_01_3366.huff 	 4051 	 2297 	 412
1961_03_13_5732.huff 	 25380 	 14460 	 2479
1961_04_20_5669.huff 	 79444 	 47395 	 7751
1961_04_20_5739.huff 	 15603 	 8546 	 1531
1961_04_27_3677.huff 	 24948 	 14123 	 2453
1961_05_03_5947.huff 	 6222 	 3405 	 617
1961_05_17_5928.huff 	 30346 	 16773 	 3010
1961_05_25_3368.huff 	 60446 	 34311 	 5911
1961_06_06_5948.huff 	 64040 	 35680 	 6434
1961_06_07_5949.huff 	 13012 	 7245 	 1309
1961_07_25_5740.huff 	 41799 	 22697 	 4138
1961_09_25_5741.huff 	 45618 	 25491 	 4509
1961_10_12_5950.huff 	 19260 	 10634 	 1907
1961_11_11_5951.huff 	 10538 	 5671 	 1044
1961_11_16_3369.huff 	 21487 	 11895 	 2112
1961_12_06_5952.huff 	 66988 	 37681 	 6663
1961_12_07_5953.huff 	 41791 	 22628 	 4239
1961_12_11_5954.huff 	 4508 	 2358 	 467
1962_01_11_5742.huff 	 68055 	 38107 	 6589
1962_03_23_5765.huff 	 22830 	 12958 	 2270
1962_06_06_5766.huff 	 23588 	 13071 	 2371
1962_06_11_3370.huff 	 39754 	 22262 	 3886
1962_09_12_3371.huff 	 22928 	 11798 	 2230
1962_09_30_5743.huff 	 10913 	 6401 	 1139
1962_10_22_3372.huff 	 24891 	 14156 	 2452
1963_01_14_5762.huff 	 56201 	 30865 	 5436
1963_05_18_3373.huff 	 20209 	 11485 	 2028
1963_05_30_3380.huff 	 7074 	 3696 	 707
1963_06_05_5763.huff 	 22331 	 12605 	 2203
1963_06_10_3374.huff 	 34862 	 19184 	 3455
1963_06_11_3375.huff 	 19846 	 10902 	 1997
1963_06_26_3376.huff 	 6689 	 3506 	 676
1963_07_26_3377.huff 	 31370 	 17668 	 3130
1963_09_20_5764.huff 	 35580 	 20149 	 3564
1963_09_26_3378.huff 	 36953 	 20472 	 3755
1963_10_26_3379.huff 	 18961 	 10390 	 1881
1963_11_27_3381.huff 	 16289 	 8874 	 1646
1963_11_28_5657.huff 	 20523 	 10870 	 2058
1963_12_17_5658.huff 	 30216 	 16912 	 3094
1964_01_08_3382.huff 	 33224 	 18148 	 3230
1964_02_01_5898.huff 	 40442 	 22118 	 4003
1964_02_21_3523.huff 	 11845 	 6509 	 1182
1964_02_29_5899.huff 	 85016 	 47492 	 8586
1964_03_07_5900.huff 	 48801 	 26415 	 4754
1964_04_16_5901.huff 	 46286 	 25085 	 4624
1964_04_20_5659.huff 	 87872 	 49894 	 8778
1964_05_06_5902.huff 	 46241 	 25009 	 4540
1964_05_22_3383.huff 	 18466 	 9864 	 1821
1964_07_02_3525.huff 	 10277 	 5778 	 1035
1964_07_24_5903.huff 	 45298 	 25201 	 4549
1964_08_04_3998.huff 	 5402 	 3121 	 549
1964_08_05_5930.huff 	 10767 	 6264 	 1100
1964_08_27_5660.huff 	 44900 	 24002 	 4614
1964_10_09_3526.huff 	 45411 	 23147 	 4568
1964_10_18_5661.huff 	 38888 	 21070 	 3906
1964_10_27_3405.huff 	 49757 	 25390 	 4766
1965_01_04_4000.huff 	 43938 	 24371 	 4390
1965_01_20_4031.huff 	 14793 	 7866 	 1493
1965_02_04_5904.huff 	 44394 	 24770 	 4516
1965_03_13_5905.huff 	 38328 	 21423 	 3913
1965_03_15_3386.huff 	 36753 	 19640 	 3729
1965_03_20_5906.huff 	 48446 	 26473 	 4815
1965_03_26_5932.huff 	 7987 	 4276 	 769
1965_03_26_5933.huff 	 9618 	 5077 	 940
1965_04_07_5662.huff 	 57217 	 30725 	 5771
1965_04_27_5907.huff 	 47558 	 25644 	 4692
1965_04_28_4032.huff 	 2400 	 1480 	 247
1965_05_02_4033.huff 	 26405 	 15061 	 2671
1965_05_13_5934.huff 	 25293 	 13579 	 2480
1965_06_01_5908.huff 	 46198 	 25682 	 4607
1965_06_04_3387.huff 	 28459 	 15615 	 2833
1965_06_11_5935.huff 	 11599 	 5994 	 1135
1965_06_25_5664.huff 	 35992 	 20683 	 3684
1965_07_13_5909.huff 	 43003 	 23586 	 4298
1965_07_28_5910.huff 	 52405 	 28343 	 5262
1965_08_06_4034.huff 	 18697 	 10152 	 1869
1965_08_25_5911.huff 	 49976 	 27420 	 4955
1966_01_12_4035.huff 	 55443 	 31122 	 5579
1966_01_31_5936.huff 	 7834 	 4489 	 809
1966_02_23_5937.huff 	 39837 	 21337 	 3947
1966_03_23_5938.huff 	 15970 	 8963 	 1599
1966_06_30_5939.huff 	 38573 	 20932 	 3857
1966_07_05_5912.huff 	 50511 	 27400 	 4953
1966_07_12_4038.huff 	 25803 	 13840 	 2553
1966_07_20_5913.huff 	 40936 	 22829 	 4109
1966_10_06_5914.huff 	 39496 	 21968 	 3946
1966_10_15_5525.huff 	 8599 	 4923 	 844
1966_10_17_5915.huff 	 3182 	 1770 	 320
1966_12_31_5916.huff 	 31747 	 17175 	 3208
1967_01_10_5665.huff 	 145206 	 81162 	 14476
1967_02_02_5917.huff 	 31788 	 17381 	 3259
1967_03_09_5918.huff 	 45114 	 24123 	 4464
1967_03_15_5940.huff 	 35484 	 19810 	 3468
1967_07_24_4039.huff 	 9037 	 5292 	 905
1967_07_27_4040.huff 	 19895 	 10736 	 1918
1967_08_18_5919.huff 	 43310 	 23903 	 4382
1967_09_29_4041.huff 	 28714 	 15784 	 2830
1967_11_17_5920.huff 	 56042 	 29410 	 5599
1967_12_19_5921.huff 	 88990 	 47525 	 9073
1968_01_17_5666.huff 	 100268 	 55892 	 9962
1968_03_31_3388.huff 	 41577 	 23073 	 4142
1968_04_01_5941.huff 	 26220 	 13966 	 2616
1968_04_03_5922.huff 	 4074 	 2462 	 420
1968_04_11_4036.huff 	 6837 	 3639 	 690
1968_07_01_4037.huff 	 11267 	 6726 	 1146
1968_10_31_3389.huff 	 20941 	 11884 	 2102
1969_01_14_5667.huff 	 81166 	 45774 	 8292
1969_01_20_3587.huff 	 21572 	 11219 	 2131
1969_11_03_3873.huff 	 45507 	 25427 	 4585
1970_01_22_3889.huff 	 44772 	 24748 	 4493
1970_04_30_3890.huff 	 27514 	 15606 	 2731
1971_01_22_3874.huff 	 44887 	 25178 	 4551
1971_02_25_3875.huff 	 35794 	 20015 	 3559
1971_04_07_3876.huff 	 26106 	 14219 	 2612
1971_05_20_3877.huff 	 2837 	 1641 	 273
1972_01_20_3878.huff 	 40022 	 22498 	 4016
1972_01_25_3879.huff 	 25865 	 14341 	 2537
1972_05_08_3880.huff 	 22725 	 12715 	 2243
1972_11_06_3881.huff 	 5793 	 3152 	 597
1972_11_07_3882.huff 	 6780 	 3634 	 703
1973_01_20_3588.huff 	 17855 	 9713 	 1819
1973_01_23_3884.huff 	 12337 	 6895 	 1257
1973_04_30_3885.huff 	 27549 	 15404 	 2773
1973_08_15_3886.huff 	 36207 	 20461 	 3630
1974_01_30_3887.huff 	 51136 	 28681 	 5209
1974_02_25_3888.huff 	 53037 	 28996 	 5414
1974_04_29_3872.huff 	 48704 	 27013 	 4814
1974_08_08_3871.huff 	 17411 	 9649 	 1811
1974_08_09_3390.huff 	 8451 	 4578 	 850
1974_08_09_3891.huff 	 18587 	 8997 	 1837
1974_09_08_5598.huff 	 10781 	 5834 	 1094
1974_09_16_3522.huff 	 6085 	 3482 	 594
1974_09_18_5498.huff 	 21313 	 12184 	 2096
1974_10_08_3283.huff 	 46471 	 25104 	 4356
1975_01_15_5499.huff 	 43876 	 24233 	 4179
1975_04_10_5500.huff 	 61561 	 35761 	 6117
1975_04_23_3392.huff 	 24867 	 13481 	 2400
1975_05_27_3985.huff 	 14824 	 7662 	 1377
1975_08_01_3393.huff 	 28537 	 16596 	 2798
1975_12_07_5501.huff 	 23094 	 13305 	 2267
1976_01_19_5599.huff 	 52714 	 29053 	 5031
1976_08_19_3394.huff 	 30503 	 16184 	 2930
1976_08_19_5842.huff 	 8120 	 4067 	 788
1976_09_23_5546.huff 	 138188 	 75256 	 13833
1976_10_06_5538.huff 	 130737 	 72438 	 13124
1976_10_22_5539.huff 	 133530 	 72517 	 13282
1977_01_12_5600.huff 	 48404 	 27761 	 4762
1977_01_20_3286.huff 	 12469 	 6686 	 1229
1977_02_02_3396.huff 	 36101 	 19773 	 3527
1977_03_09_3397.huff 	 50519 	 27516 	 4974
1977_04_18_3398.huff 	 27567 	 14543 	 2676
1977_05_22_3399.huff 	 33145 	 18315 	 3236
1977_09_07_3928.huff 	 6633 	 3857 	 697
1977_11_08_3400.huff 	 25602 	 13939 	 2509
1978_01_19_5537.huff 	 47229 	 25999 	 4656
1978_09_17_3401.huff 	 7590 	 4462 	 753
1978_10_24_5547.huff 	 34477 	 18801 	 3300
1978_12_15_3935.huff 	 8967 	 5379 	 926
1979_01_23_5533.huff 	 34066 	 19215 	 3328
1979_07_15_3402.huff 	 37554 	 19722 	 3682
1979_11_13_5852.huff 	 37518 	 20439 	 3702
1980_01_04_3403.huff 	 13679 	 8245 	 1363
1980_01_23_3404.huff 	 34968 	 19778 	 3470
1980_04_25_3936.huff 	 8164 	 4726 	 817
1980_07_17_3406.huff 	 47971 	 25991 	 4699
1980_08_14_5534.huff 	 49265 	 26234 	 4789
1980_10_28_5535.huff 	 156018 	 85334 	 15526
1981_01_14_5536.huff 	 21854 	 12293 	 2189
1981_01_20_3407.huff 	 24936 	 13352 	 2453
1981_01_29_5853.huff 	 46505 	 24618 	 4573
1981_04_28_5446.huff 	 25610 	 13476 	 2461
1981_05_17_5854.huff 	 34498 	 17730 	 3313
1981_06_29_5855.huff 	 41711 	 22115 	 3974
1981_07_27_5676.huff 	 37319 	 19304 	 3555
1981_08_03_5452.huff 	 25404 	 13466 	 2521
1981_11_18_5447.huff 	 34210 	 19082 	 3293
1981_12_23_5448.huff 	 22804 	 12429 	 2203
1982_01_26_5679.huff 	 55236 	 30219 	 5288
1982_06_08_3408.huff 	 46298 	 25557 	 4466
1982_06_09_5449.huff 	 36276 	 20097 	 3480
1982_06_17_5450.huff 	 36889 	 20534 	 3541
1982_08_16_5677.huff 	 33108 	 17058 	 3145
1982_09_01_5856.huff 	 29599 	 16823 	 2957
1982_09_20_5453.huff 	 12703 	 7144 	 1283
1983_01_25_5680.huff 	 58971 	 32285 	 5681
1983_02_18_5857.huff 	 54279 	 28620 	 5160
1983_03_08_3409.huff 	 41275 	 22189 	 3932
1983_03_23_5454.huff 	 48658 	 26121 	 4630
1983_04_27_5858.huff 	 46036 	 25647 	 4398
1983_09_05_5859.huff 	 27320 	 14535 	 2604
1983_10_27_5860.huff 	 86016 	 46008 	 8460
1983_11_02_5455.huff 	 9412 	 4677 	 874
1983_11_04_5456.huff 	 10195 	 5421 	 1000
1984_01_25_5457.huff 	 53697 	 28735 	 5059
1984_01_29_5861.huff 	 7837 	 4059 	 738
1984_05_28_5862.huff 	 24595 	 12886 	 2388
1984_06_03_5863.huff 	 24249 	 12136 	 2352
1984_06_06_3410.huff 	 19474 	 9854 	 1866
1984_08_23_3411.huff 	 54677 	 28623 	 5187
1984_10_07_5459.huff 	 160256 	 83972 	 15959
1984_10_21_5463.huff 	 143944 	 76969 	 14237
1985_01_21_3923.huff 	 26862 	 14242 	 2607
1985_02_06_5681.huff 	 46394 	 24503 	 4309
1985_05_05_3412.huff 	 12325 	 6307 	 1165
1985_11_21_3924.huff 	 25388 	 13442 	 2433
1986_01_28_3413.huff 	 7132 	 3475 	 673
1986_02_04_5682.huff 	 37985 	 19716 	 3560
1986_04_14_5864.huff 	 10636 	 5749 	 997
1986_09_14_5465.huff 	 31809 	 16194 	 3009
1986_10_13_5865.huff 	 31049 	 16914 	 2988
1986_10_22_5678.huff 	 15375 	 8075 	 1456
1987_01_27_5683.huff 	 41004 	 21573 	 3890
1987_03_04_3414.huff 	 20386 	 10533 	 1958
1987_06_12_3415.huff 	 28943 	 15362 	 2721
1987_12_08_5866.huff 	 10464 	 5465 	 974
1987_12_10_5867.huff 	 28384 	 15238 	 2757
1988_01_25_5684.huff 	 52068 	 27716 	 4975
1988_05_31_3416.huff 	 73178 	 38629 	 7166
1988_08_15_5469.huff 	 48531 	 24488 	 4622
1988_08_18_5526.huff 	 43270 	 21465 	 4174
1988_09_25_5527.huff 	 163330 	 84882 	 16192
1988_09_26_5868.huff 	 51230 	 28437 	 5001
1988_11_11_3417.huff 	 2860 	 1410 	 284
1988_12_16_5470.huff 	 73776 	 40085 	 7204
1989_01_11_3418.huff 	 35230 	 17552 	 3401
1989_01_20_3419.huff 	 23805 	 12128 	 2341
1989_02_09_3420.huff 	 51570 	 27049 	 4917
1989_05_12_3421.huff 	 26092 	 13934 	 2473
1989_12_20_3422.huff 	 8006 	 4660 	 775
1990_01_31_3423.huff 	 40002 	 20805 	 3878
1990_07_26_3424.huff 	 19037 	 10326 	 1842
1990_08_08_5529.huff 	 15459 	 8321 	 1446
1990_09_11_3425.huff 	 35068 	 18745 	 3320
1990_10_01_3426.huff 	 28526 	 15483 	 2796
1990_10_02_3427.huff 	 11988 	 6140 	 1146
1991_01_16_3428.huff 	 16074 	 8485 	 1529
1991_01_29_3429.huff 	 41628 	 22635 	 4019
1991_02_27_5530.huff 	 8084 	 4413 	 784
1991_03_06_3430.huff 	 29013 	 15218 	 2818
1991_07_31_5605.huff 	 117864 	 66870 	 12040
1992_01_28_5531.huff 	 54672 	 27779 	 5220
1992_08_20_3431.huff 	 54490 	 27059 	 5108
1992_10_11_5532.huff 	 174978 	 88408 	 17078
1992_12_04_3984.huff 	 12207 	 6371 	 1154
1992_12_15_3432.huff 	 40244 	 21593 	 3830
1993_01_05_3433.huff 	 33978 	 18489 	 3337
1993_01_20_3434.huff 	 16530 	 8848 	 1610
1993_01_29_4561.huff 	 23650 	 12930 	 2362
1993_02_05_4562.huff 	 10957 	 5708 	 1058
1993_02_17_3435.huff 	 72405 	 38439 	 7127
1993_04_30_4563.huff 	 52790 	 27809 	 5183
1993_05_05_4564.huff 	 10231 	 5604 	 1002
1993_06_06_4565.huff 	 11292 	 5703 	 1086
1993_09_13_3925.huff 	 11701 	 6337 	 1133
1993_09_22_3926.huff 	 75151 	 39652 	 7323
1993_10_07_4566.huff 	 19707 	 10383 	 1897
1993_11_13_3436.huff 	 44643 	 22229 	 4365
1993_12_08_3927.huff 	 26567 	 14271 	 2599
1994_01_25_3437.huff 	 79250 	 41128 	 7548
1994_06_06_3438.huff 	 14414 	 7205 	 1329
1994_07_12_3439.huff 	 7922 	 4125 	 757
1995_01_24_3440.huff 	 95848 	 50052 	 9409
1995_04_23_3441.huff 	 9436 	 4646 	 914
1995_07_19_4594.huff 	 68051 	 36979 	 6547
1995_10_16_4595.huff 	 48562 	 25475 	 4683
1995_11_27_3929.huff 	 30245 	 16473 	 2949
1995_11_30_3442.huff 	 31387 	 16564 	 3065
1996_01_23_5494.huff 	 66736 	 35595 	 6435
1996_06_25_4596.huff 	 19710 	 10714 	 1927
1996_08_29_4597.huff 	 74650 	 38082 	 7171
1996_10_06_4598.huff 	 181375 	 92125 	 17749
1996_11_03_4599.huff 	 33084 	 16381 	 3231
1997_01_20_3443.huff 	 22076 	 11876 	 2172
1997_02_04_5495.huff 	 71673 	 37977 	 6851
1997_04_22_4600.huff 	 12914 	 6480 	 1242
1998_01_26_3930.huff 	 10296 	 5083 	 970
1998_01_27_3444.huff 	 78673 	 41276 	 7467
1998_03_23_4601.huff 	 17883 	 9393 	 1683
1998_03_25_4602.huff 	 23116 	 12461 	 2251
1998_08_17_3931.huff 	 5632 	 2947 	 544
1999_01_19_5496.huff 	 80519 	 42452 	 7629
1999_03_24_3932.huff 	 20150 	 10680 	 1921
1999_06_10_3933.huff 	 17584 	 9491 	 1691
2000_01_27_5497.huff 	 97984 	 51053 	 9279
2001_01_18_4155.huff 	 11649 	 6241 	 1123
2001_01_20_3645.huff 	 16206 	 8735 	 1594
2001_06_07_3986.huff 	 10020 	 5127 	 928
2002_01_29_4540.huff 	 41191 	 22040 	 3869
2003_01_28_4541.huff 	 57426 	 31122 	 5445
2004_01_20_4542.huff 	 55325 	 29881 	 5236
2005_01_20_4463.huff 	 20810 	 11655 	 2084
2005_02_02_4464.huff 	 53486 	 29152 	 5098
2006_01_31_4461.huff 	 56525 	 30723 	 5367
2007_01_23_4455.huff 	 58971 	 31196 	 5648
2008_01_28_4454.huff 	 60991 	 33015 	 5789
2008_03_19_4452.huff 	 34475 	 18160 	 3223
2008_08_28_4427.huff 	 50501 	 25287 	 4795
2008_11_04_4424.huff 	 20457 	 10236 	 1985
2009_01_15_4450.huff 	 19663 	 10405 	 1878
2009_01_20_4453.huff 	 24863 	 13046 	 2412
2009_02_24_4612.huff 	 64392 	 33617 	 6199
2009_06_04_5502.huff 	 62537 	 33878 	 6073
2009_09_09_5548.huff 	 59337 	 31444 	 5692
2010_01_27_5706.huff 	 78856 	 40920 	 7476
