old-300
FILE 	 HUFFSIZE 	 ORIGINAL SIZE 	 WORDSIZE
1789_04_30_3446.huff 	 13809 	 8520 	 1433
1789_10_03_3447.huff 	 4076 	 2500 	 435
1790_01_08_3448.huff 	 7825 	 5197 	 848
1790_12_08_3449.huff 	 12994 	 8256 	 1400
1790_12_29_3450.huff 	 13218 	 7727 	 1401
1791_10_25_3451.huff 	 20818 	 13669 	 2267
1792_04_05_3452.huff 	 1433 	 966 	 156
1792_11_06_3938.huff 	 21925 	 13927 	 2358
1792_12_12_3453.huff 	 1822 	 1122 	 190
1793_03_04_3454.huff 	 1267 	 776 	 136
1793_04_22_3455.huff 	 2171 	 1395 	 237
1793_12_03_3456.huff 	 18111 	 11444 	 1973
1794_08_07_3721.huff 	 12191 	 7626 	 1284
1794_09_25_3458.huff 	 6296 	 3992 	 653
1794_11_19_3459.huff 	 27870 	 17327 	 2927
1795_07_10_3460.huff 	 3848 	 2314 	 382
1795_12_08_3939.huff 	 18713 	 11992 	 1977
1796_03_30_3461.huff 	 9505 	 6261 	 1065
1796_08_29_3941.huff 	 15442 	 8537 	 1602
1796_09_19_3462.huff 	 58986 	 36045 	 6074
1796_12_07_3463.huff 	 26685 	 17030 	 2865
1797_03_04_3445.huff 	 21851 	 13603 	 2322
1797_05_16_3464.huff 	 28176 	 18104 	 3025
1797_11_22_3465.huff 	 18981 	 12172 	 2049
1798_03_23_3942.huff 	 6259 	 3910 	 655
1798_12_08_3466.huff 	 20507 	 13185 	 2218
1799_12_03_3467.huff 	 13629 	 9010 	 1494
1799_12_19_3943.huff 	 12925 	 7302 	 1265
1800_05_21_3944.huff 	 2880 	 1740 	 291
1800_11_22_3468.huff 	 12567 	 8215 	 1374
1801_03_04_3469.huff 	 16641 	 9923 	 1732
1801_07_12_3470.huff 	 11660 	 6877 	 1211
1801_12_08_3471.huff 	 30511 	 19077 	 3235
1802_01_01_3473.huff 	 2280 	 1400 	 234
1802_11_03_3474.huff 	 8692 	 4891 	 914
1802_12_15_3475.huff 	 20040 	 12351 	 2125
1803_01_18_3476.huff 	 12175 	 7605 	 1284
1803_06_20_3477.huff 	 23194 	 13360 	 2345
1803_10_17_3478.huff 	 21674 	 13931 	 2301
1803_12_17_3479.huff 	 10862 	 5859 	 1140
1804_11_08_3480.huff 	 19363 	 12375 	 2100
1805_03_04_3491.huff 	 20785 	 12609 	 2152
1805_12_03_3493.huff 	 27290 	 16679 	 2902
1805_12_06_3492.huff 	 9392 	 5803 	 993
1806_01_10_3494.huff 	 8242 	 4381 	 847
1806_11_27_3722.huff 	 4011 	 2562 	 425
1806_12_02_3495.huff 	 26984 	 16947 	 2881
1806_12_30_3496.huff 	 11239 	 5982 	 1175
1807_01_22_3497.huff 	 23683 	 14464 	 2478
1807_02_10_3498.huff 	 10959 	 6567 	 1143
1807_07_02_3499.huff 	 10883 	 6817 	 1174
1807_10_27_3500.huff 	 22403 	 13939 	 2373
1808_11_08_3501.huff 	 25213 	 16092 	 2710
1809_03_04_3482.huff 	 11085 	 6905 	 1177
1809_04_03_3502.huff 	 3300 	 1863 	 337
1809_05_23_3607.huff 	 10152 	 6514 	 1116
1809_11_29_3608.huff 	 16893 	 10868 	 1832
1810_10_27_3610.huff 	 5672 	 3654 	 624
1810_12_05_3609.huff 	 22575 	 14772 	 2451
1811_02_21_3611.huff 	 3168 	 2062 	 335
1811_11_05_3613.huff 	 21262 	 13690 	 2275
1812_06_01_3614.huff 	 27202 	 17228 	 2851
1812_06_19_3615.huff 	 2670 	 1674 	 289
1812_07_09_3616.huff 	 2991 	 1808 	 311
1812_11_04_3619.huff 	 30625 	 19251 	 3251
1813_03_04_3620.huff 	 11555 	 7055 	 1211
1813_05_25_3621.huff 	 19524 	 12168 	 2111
1813_07_23_3622.huff 	 7547 	 4624 	 799
1813_12_07_3623.huff 	 30703 	 19136 	 3262
1814_09_01_3624.huff 	 6602 	 4141 	 696
1814_09_20_3625.huff 	 20482 	 12363 	 2115
1815_01_30_3626.huff 	 11606 	 7358 	 1281
1815_02_18_3627.huff 	 7699 	 4958 	 829
1815_12_05_3628.huff 	 29488 	 19107 	 3186
1816_12_03_3629.huff 	 30800 	 19976 	 3370
1817_03_03_3630.huff 	 7302 	 4856 	 815
1817_03_04_3483.huff 	 31281 	 19556 	 3379
1817_12_02_3594.huff 	 40455 	 25759 	 4447
1818_11_16_3596.huff 	 40593 	 25970 	 4378
1819_12_07_3597.huff 	 42910 	 27356 	 4711
1820_11_14_3598.huff 	 31969 	 20068 	 3464
1821_03_05_3601.huff 	 41471 	 25884 	 4482
1821_07_04_3484.huff 	 4509 	 2603 	 447
1821_12_03_3602.huff 	 53201 	 33708 	 5858
1822_12_03_3603.huff 	 43650 	 27660 	 4765
1823_12_02_3604.huff 	 59046 	 37578 	 6423
1824_12_07_3606.huff 	 77121 	 48968 	 8444
1825_03_04_3513.huff 	 27042 	 17489 	 2917
1825_12_06_3514.huff 	 83679 	 53039 	 9088
1826_12_05_3515.huff 	 71832 	 45626 	 7848
1827_12_04_3516.huff 	 65029 	 41545 	 7058
1828_12_02_3517.huff 	 67915 	 43365 	 7391
1829_03_04_3485.huff 	 10536 	 6722 	 1128
1829_05_11_3631.huff 	 3662 	 2348 	 402
1829_12_08_3632.huff 	 97661 	 61903 	 10568
1830_10_05_3633.huff 	 7659 	 4812 	 846
1830_12_06_3634.huff 	 138689 	 88827 	 15043
1831_12_06_3635.huff 	 66537 	 42221 	 7211
1832_07_10_3636.huff 	 74213 	 46421 	 8138
1832_12_04_3637.huff 	 72115 	 46153 	 7903
1833_03_04_3639.huff 	 10864 	 6946 	 1176
1833_12_03_3640.huff 	 71980 	 46194 	 7930
1834_12_01_3641.huff 	 124377 	 79060 	 13514
1835_12_07_3642.huff 	 99512 	 63520 	 10864
1836_12_05_3643.huff 	 113563 	 72318 	 12428
1837_03_04_3486.huff 	 37392 	 23066 	 3846
1837_03_04_3644.huff 	 77387 	 47766 	 8254
1837_09_04_3724.huff 	 108830 	 69051 	 11785
1837_12_05_3589.huff 	 105904 	 67914 	 11513
1838_01_05_3725.huff 	 3612 	 2348 	 396
1838_12_03_3591.huff 	 106414 	 68824 	 11558
1839_12_02_3592.huff 	 125584 	 78957 	 13492
1840_12_05_3593.huff 	 83846 	 54157 	 9014
1841_01_02_3726.huff 	 8452 	 5047 	 882
1841_03_04_3548.huff 	 78038 	 48991 	 8465
1841_12_07_3549.huff 	 76916 	 48129 	 8295
1845_03_04_3550.huff 	 44634 	 28267 	 4814
1849_03_05_3551.huff 	 10077 	 6504 	 1091
1850_12_02_3552.huff 	 77458 	 49039 	 8373
1852_07_06_3487.huff 	 107608 	 60149 	 10878
1853_03_04_3553.huff 	 32190 	 19750 	 3342
1853_12_05_3728.huff 	 90256 	 57134 	 9677
1854_01_18_3727.huff 	 2536 	 1619 	 271
1854_10_16_3503.huff 	 318022 	 181760 	 33420
1854_12_04_3729.huff 	 96397 	 60991 	 10213
1855_12_31_3730.huff 	 107654 	 69350 	 11672
1856_12_02_3731.huff 	 97001 	 62898 	 10567
1857_03_04_3554.huff 	 26287 	 16532 	 2836
1857_12_08_3732.huff 	 129072 	 80636 	 13775
1858_06_16_3504.huff 	 31446 	 17778 	 3226
1858_12_06_3733.huff 	 154631 	 96899 	 16505
1859_12_19_3734.huff 	 118337 	 72729 	 12513
1860_02_27_3505.huff 	 59680 	 34825 	 6164
1860_12_03_3735.huff 	 132162 	 82815 	 14150
1861_02_11_3506.huff 	 1494 	 776 	 152
1861_03_04_3507.huff 	 68430 	 41212 	 7272
1861_07_04_3508.huff 	 117534 	 71328 	 12572
1861_12_03_3736.huff 	 66392 	 40806 	 7052
1862_12_01_3737.huff 	 82504 	 48876 	 8550
1863_01_01_3509.huff 	 6755 	 4146 	 711
1863_08_26_3510.huff 	 33018 	 17822 	 3396
1863_11_19_3511.huff 	 2632 	 1421 	 272
1863_12_08_3738.huff 	 58936 	 36487 	 6221
1864_12_06_3739.huff 	 57276 	 34799 	 5997
1865_03_04_3512.huff 	 6896 	 3849 	 705
1865_12_04_3555.huff 	 85157 	 53861 	 9294
1869_03_04_3556.huff 	 10640 	 6379 	 1132
1869_12_06_3740.huff 	 71893 	 45152 	 7777
1870_12_05_3741.huff 	 82882 	 51175 	 8847
1871_12_04_3742.huff 	 59839 	 38083 	 6476
1872_12_02_3743.huff 	 98606 	 60356 	 10410
1873_03_04_3557.huff 	 12327 	 7578 	 1341
1873_12_01_3744.huff 	 95602 	 59270 	 10156
1874_12_07_3745.huff 	 91805 	 57804 	 9889
1875_12_07_3746.huff 	 115250 	 71928 	 12324
1876_12_05_3747.huff 	 63425 	 40126 	 6860
1877_03_05_3558.huff 	 22793 	 14676 	 2494
1877_12_03_3748.huff 	 100279 	 63915 	 10862
1878_12_02_3749.huff 	 75171 	 47668 	 8037
1879_12_01_3750.huff 	 109079 	 69987 	 11801
1880_12_06_3751.huff 	 127243 	 80960 	 13593
1881_03_04_3559.huff 	 27838 	 17494 	 2993
1881_12_06_3560.huff 	 132123 	 80527 	 13710
1882_12_04_3752.huff 	 101437 	 61739 	 10519
1883_12_04_3753.huff 	 84269 	 51361 	 8681
1884_12_01_3754.huff 	 87286 	 54237 	 9112
1885_03_04_3571.huff 	 15541 	 9990 	 1691
1885_12_08_3755.huff 	 189253 	 119104 	 19979
1886_12_06_3756.huff 	 144926 	 91414 	 15374
1887_12_06_3757.huff 	 50893 	 31173 	 5365
1888_12_03_3758.huff 	 128467 	 80055 	 13434
1889_03_04_3561.huff 	 41835 	 25858 	 4407
1889_12_03_3765.huff 	 122691 	 76723 	 13143
1890_12_01_3766.huff 	 110448 	 68497 	 11675
1891_12_09_3767.huff 	 154836 	 95438 	 16536
1892_12_06_3768.huff 	 135343 	 80454 	 14111
1893_03_04_3572.huff 	 19677 	 12214 	 2028
1893_08_08_3759.huff 	 19974 	 12221 	 2104
1893_12_04_3760.huff 	 124069 	 75480 	 12681
1894_12_03_3762.huff 	 159008 	 96239 	 16370
1895_12_02_3763.huff 	 143852 	 88452 	 14868
1896_12_07_3764.huff 	 154502 	 93353 	 15901
1897_03_04_3562.huff 	 36854 	 23247 	 3977
1897_12_06_3769.huff 	 114498 	 71532 	 12225
1898_12_05_3770.huff 	 199383 	 121684 	 20533
1899_12_05_3771.huff 	 218992 	 137444 	 23065
1900_12_03_3772.huff 	 187757 	 116387 	 19479
1901_03_04_3563.huff 	 20912 	 13190 	 2225
1901_12_03_3773.huff 	 188152 	 113948 	 19736
1902_12_02_3774.huff 	 93375 	 56737 	 9838
1903_12_07_3775.huff 	 142921 	 88561 	 15059
1904_12_06_3776.huff 	 167716 	 102379 	 17559
1905_03_04_3564.huff 	 9365 	 5471 	 991
1905_12_05_3777.huff 	 238546 	 145178 	 25168
1906_12_03_3778.huff 	 226665 	 135848 	 23725
1907_12_03_3779.huff 	 261857 	 159425 	 27581
1908_12_09_3780.huff 	 187845 	 113651 	 19565
1909_03_04_3565.huff 	 50173 	 31728 	 5442
1909_11_17_3781.huff 	 75150 	 43497 	 7878
1909_12_07_3782.huff 	 129294 	 83523 	 13985
1910_12_06_3783.huff 	 267536 	 165510 	 28272
1911_01_26_3784.huff 	 22173 	 13874 	 2294
1911_12_05_3785.huff 	 227111 	 141324 	 23994
1912_12_03_3786.huff 	 239015 	 150971 	 25409
1913_03_04_3566.huff 	 16635 	 9371 	 1712
1913_07_04_3787.huff 	 12516 	 6716 	 1267
1913_10_25_3788.huff 	 19060 	 10553 	 1956
1913_12_02_3789.huff 	 33269 	 20203 	 3567
1914_01_20_3790.huff 	 23834 	 14764 	 2523
1914_08_20_3791.huff 	 5952 	 3517 	 632
1914_10_20_3792.huff 	 10095 	 5704 	 1078
1914_12_08_3793.huff 	 42476 	 24912 	 4548
1915_12_07_3794.huff 	 74027 	 44028 	 7772
1916_09_02_3795.huff 	 52533 	 31612 	 5537
1916_12_05_3796.huff 	 19583 	 12584 	 2127
1917_01_22_3797.huff 	 24930 	 14958 	 2685
1917_03_05_3567.huff 	 14195 	 8248 	 1531
1917_04_02_4722.huff 	 34759 	 20662 	 3679
1917_04_06_3798.huff 	 14367 	 8770 	 1541
1917_12_04_3799.huff 	 37082 	 21693 	 3935
1918_12_02_3801.huff 	 51995 	 30929 	 5495
1919_12_02_3802.huff 	 45182 	 28090 	 4773
1920_12_07_3803.huff 	 25372 	 15879 	 2744
1921_03_04_3568.huff 	 33763 	 19866 	 3346
1921_12_06_3804.huff 	 54889 	 33673 	 5652
1922_12_08_3805.huff 	 56806 	 34829 	 5786
1923_12_06_3806.huff 	 64196 	 40357 	 6746
1924_12_03_3807.huff 	 66273 	 41883 	 7019
1925_03_04_3569.huff 	 38489 	 23540 	 4057
1925_12_08_3808.huff 	 104182 	 65151 	 10958
1926_12_07_3809.huff 	 99267 	 61672 	 10407
1927_08_10_3810.huff 	 9975 	 6136 	 1044
1927_12_06_3811.huff 	 85385 	 53186 	 8880
1928_10_22_6000.huff 	 59455 	 36485 	 6211
1928_12_04_3812.huff 	 79493 	 49225 	 8168
1929_03_04_3570.huff 	 35318 	 22593 	 3766
1929_07_24_3813.huff 	 10575 	 6529 	 1100
1933_03_04_3280.huff 	 18471 	 10793 	 1901
1933_03_12_3298.huff 	 16994 	 9868 	 1797
1933_05_07_3299.huff 	 28299 	 16903 	 2971
1933_07_24_3300.huff 	 28748 	 16411 	 2971
1933_10_22_3301.huff 	 26225 	 14915 	 2720
1934_06_28_3302.huff 	 24477 	 14532 	 2531
1934_09_30_3303.huff 	 30598 	 18648 	 3163
1935_04_28_3304.huff 	 29635 	 17888 	 3096
1936_06_27_3305.huff 	 19525 	 11307 	 2015
1936_09_06_3306.huff 	 31927 	 18203 	 3207
1936_10_31_3307.huff 	 24347 	 13653 	 2468
1937_01_20_3308.huff 	 17981 	 10372 	 1825
1937_03_09_3309.huff 	 38857 	 22920 	 4066
1937_10_05_3310.huff 	 18066 	 10818 	 1864
1937_10_12_3311.huff 	 31673 	 18377 	 3271
1937_11_14_3312.huff 	 15785 	 9290 	 1634
1938_04_14_3313.huff 	 44143 	 25830 	 4599
1938_06_24_3314.huff 	 34630 	 20302 	 3533
1938_07_08_3573.huff 	 14501 	 8211 	 1446
1939_09_03_3315.huff 	 11504 	 6699 	 1241
1940_05_26_3316.huff 	 37749 	 21263 	 3871
1940_06_10_3317.huff 	 18259 	 11016 	 1970
1940_07_19_3318.huff 	 33797 	 19715 	 3544
1940_12_29_3319.huff 	 38860 	 22208 	 4041
1941_01_06_3320.huff 	 32068 	 18840 	 3330
1941_01_20_3321.huff 	 12907 	 7368 	 1362
1941_03_15_3322.huff 	 29479 	 16647 	 3031
1941_05_27_3814.huff 	 45428 	 26288 	 4620
1941_09_11_3323.huff 	 30058 	 17146 	 3065
1941_12_08_3324.huff 	 5132 	 3075 	 518
1941_12_09_3325.huff 	 29360 	 16543 	 3023
1941_12_11_3815.huff 	 1260 	 817 	 139
1942_02_23_3326.huff 	 42228 	 23646 	 4251
1942_04_28_3327.huff 	 38605 	 21408 	 3868
1942_09_07_3328.huff 	 30902 	 17350 	 3180
1942_10_12_3329.huff 	 33697 	 19085 	 3483
1943_01_07_3816.huff 	 45313 	 25610 	 4625
1943_05_02_3330.huff 	 23786 	 13529 	 2465
1943_07_28_3331.huff 	 34165 	 19271 	 3468
1943_09_08_3332.huff 	 14300 	 7822 	 1466
1943_12_01_3817.huff 	 3356 	 1986 	 351
1943_12_24_3333.huff 	 33281 	 18778 	 3397
1944_01_11_3955.huff 	 33341 	 19341 	 3469
1944_06_05_3334.huff 	 16277 	 9264 	 1665
1944_06_12_3335.huff 	 16335 	 9091 	 1650
1944_07_20_3336.huff 	 17048 	 9844 	 1777
1945_01_20_3337.huff 	 5371 	 2924 	 561
1945_02_11_3819.huff 	 19364 	 12294 	 2019
1945_03_01_3338.huff 	 57958 	 33424 	 6044
1945_04_16_3339.huff 	 18541 	 10593 	 1880
1945_05_08_3340.huff 	 6877 	 3768 	 709
1945_08_06_3820.huff 	 11514 	 6616 	 1166
1945_08_09_3821.huff 	 39274 	 23062 	 4075
1945_09_01_3341.huff 	 12089 	 6795 	 1268
1945_10_27_3342.huff 	 25019 	 14596 	 2603
1947_03_12_3343.huff 	 21443 	 13236 	 2213
1947_06_20_3344.huff 	 17440 	 10155 	 1807
1947_06_29_3345.huff 	 11896 	 7000 	 1232
1948_07_15_3346.huff 	 26178 	 14429 	 2721
1948_09_18_3347.huff 	 7550 	 3874 	 794
1948_09_18_3348.huff 	 8192 	 4234 	 817
1948_11_03_3349.huff 	 2678 	 1432 	 285
1949_01_20_3350.huff 	 22007 	 13356 	 2284
1951_04_11_3351.huff 	 23784 	 13392 	 2469
1952_03_15_3352.huff 	 18930 	 10065 	 1970
1952_03_29_3353.huff 	 37391 	 20233 	 3804
1952_09_23_4638.huff 	 47786 	 24060 	 4800
1952_10_22_3354.huff 	 12488 	 6513 	 1280
1953_01_15_3355.huff 	 37297 	 19751 	 3802
1953_01_20_3356.huff 	 24437 	 13616 	 2476
1953_04_16_3357.huff 	 28439 	 15977 	 2918
1953_12_08_3358.huff 	 30278 	 17666 	 3075
1956_08_23_3359.huff 	 44317 	 25074 	 4406
1957_01_05_3360.huff 	 33656 	 20490 	 3443
1960_07_15_3362.huff 	 26119 	 14003 	 2558
1960_09_12_3363.huff 	 15797 	 8671 	 1561
1960_09_26_5728.huff 	 108765 	 59322 	 11037
1960_10_07_5729.huff 	 113302 	 61224 	 11385
1960_10_13_5730.huff 	 110276 	 58786 	 10930
1960_10_21_5731.huff 	 109131 	 59337 	 10991
1961_01_09_3364.huff 	 9131 	 5012 	 911
1961_01_17_3361.huff 	 18642 	 10919 	 1858
1961_01_20_3365.huff 	 13756 	 7371 	 1368
1961_01_30_5945.huff 	 53931 	 30901 	 5301
1961_02_21_5946.huff 	 9371 	 5288 	 975
1961_03_01_3366.huff 	 3937 	 2297 	 412
1961_03_13_5732.huff 	 24884 	 14460 	 2479
1961_04_20_5669.huff 	 78964 	 47395 	 7751
1961_04_20_5739.huff 	 15397 	 8546 	 1531
1961_04_27_3677.huff 	 24795 	 14123 	 2453
1961_05_03_5947.huff 	 6132 	 3405 	 617
1961_05_17_5928.huff 	 29827 	 16773 	 3010
1961_05_25_3368.huff 	 59555 	 34311 	 5911
1961_06_06_5948.huff 	 63438 	 35680 	 6434
1961_06_07_5949.huff 	 12793 	 7245 	 1309
1961_07_25_5740.huff 	 41085 	 22697 	 4138
1961_09_25_5741.huff 	 45171 	 25491 	 4509
1961_10_12_5950.huff 	 19015 	 10634 	 1907
1961_11_11_5951.huff 	 10386 	 5671 	 1044
1961_11_16_3369.huff 	 21133 	 11895 	 2112
1961_12_06_5952.huff 	 65661 	 37681 	 6663
1961_12_07_5953.huff 	 40734 	 22628 	 4239
1961_12_11_5954.huff 	 4414 	 2358 	 467
1962_01_11_5742.huff 	 67073 	 38107 	 6589
1962_03_23_5765.huff 	 22643 	 12958 	 2270
1962_06_06_5766.huff 	 23255 	 13071 	 2371
1962_06_11_3370.huff 	 39223 	 22262 	 3886
1962_09_12_3371.huff 	 22701 	 11798 	 2230
1962_09_30_5743.huff 	 10852 	 6401 	 1139
1962_10_22_3372.huff 	 24698 	 14156 	 2452
1963_01_14_5762.huff 	 55387 	 30865 	 5436
1963_05_18_3373.huff 	 20124 	 11485 	 2028
1963_05_30_3380.huff 	 6882 	 3696 	 707
1963_06_05_5763.huff 	 22150 	 12605 	 2203
1963_06_10_3374.huff 	 34472 	 19184 	 3455
1963_06_11_3375.huff 	 19415 	 10902 	 1997
1963_06_26_3376.huff 	 6564 	 3506 	 676
1963_07_26_3377.huff 	 31195 	 17668 	 3130
1963_09_20_5764.huff 	 35130 	 20149 	 3564
1963_09_26_3378.huff 	 36381 	 20472 	 3755
1963_10_26_3379.huff 	 18837 	 10390 	 1881
1963_11_27_3381.huff 	 16028 	 8874 	 1646
1963_11_28_5657.huff 	 20523 	 10870 	 2058
1963_12_17_5658.huff 	 29727 	 16912 	 3094
1964_01_08_3382.huff 	 32525 	 18148 	 3230
1964_02_01_5898.huff 	 40033 	 22118 	 4003
1964_02_21_3523.huff 	 11651 	 6509 	 1182
1964_02_29_5899.huff 	 84750 	 47492 	 8586
1964_03_07_5900.huff 	 48496 	 26415 	 4754
1964_04_16_5901.huff 	 45637 	 25085 	 4624
1964_04_20_5659.huff 	 87116 	 49894 	 8778
1964_05_06_5902.huff 	 45595 	 25009 	 4540
1964_05_22_3383.huff 	 18204 	 9864 	 1821
1964_07_02_3525.huff 	 10091 	 5778 	 1035
1964_07_24_5903.huff 	 44692 	 25201 	 4549
1964_08_04_3998.huff 	 5316 	 3121 	 549
1964_08_05_5930.huff 	 10641 	 6264 	 1100
1964_08_27_5660.huff 	 44282 	 24002 	 4614
1964_10_09_3526.huff 	 44961 	 23147 	 4568
1964_10_18_5661.huff 	 38514 	 21070 	 3906
1964_10_27_3405.huff 	 49147 	 25390 	 4766
1965_01_04_4000.huff 	 43119 	 24371 	 4390
1965_01_20_4031.huff 	 14538 	 7866 	 1493
1965_02_04_5904.huff 	 43805 	 24770 	 4516
1965_03_13_5905.huff 	 37875 	 21423 	 3913
1965_03_15_3386.huff 	 35980 	 19640 	 3729
1965_03_20_5906.huff 	 48057 	 26473 	 4815
1965_03_26_5932.huff 	 7972 	 4276 	 769
1965_03_26_5933.huff 	 9514 	 5077 	 940
1965_04_07_5662.huff 	 56754 	 30725 	 5771
1965_04_27_5907.huff 	 46898 	 25644 	 4692
1965_04_28_4032.huff 	 2344 	 1480 	 247
1965_05_02_4033.huff 	 25942 	 15061 	 2671
1965_05_13_5934.huff 	 24931 	 13579 	 2480
1965_06_01_5908.huff 	 45649 	 25682 	 4607
1965_06_04_3387.huff 	 28110 	 15615 	 2833
1965_06_11_5935.huff 	 11552 	 5994 	 1135
1965_06_25_5664.huff 	 35554 	 20683 	 3684
1965_07_13_5909.huff 	 42563 	 23586 	 4298
1965_07_28_5910.huff 	 51765 	 28343 	 5262
1965_08_06_4034.huff 	 18325 	 10152 	 1869
1965_08_25_5911.huff 	 49348 	 27420 	 4955
1966_01_12_4035.huff 	 54502 	 31122 	 5579
1966_01_31_5936.huff 	 7728 	 4489 	 809
1966_02_23_5937.huff 	 39284 	 21337 	 3947
1966_03_23_5938.huff 	 15758 	 8963 	 1599
1966_06_30_5939.huff 	 37938 	 20932 	 3857
1966_07_05_5912.huff 	 49828 	 27400 	 4953
1966_07_12_4038.huff 	 25298 	 13840 	 2553
1966_07_20_5913.huff 	 40232 	 22829 	 4109
1966_10_06_5914.huff 	 38897 	 21968 	 3946
1966_10_15_5525.huff 	 8451 	 4923 	 844
1966_10_17_5915.huff 	 3145 	 1770 	 320
1966_12_31_5916.huff 	 31206 	 17175 	 3208
1967_01_10_5665.huff 	 143602 	 81162 	 14476
1967_02_02_5917.huff 	 31231 	 17381 	 3259
1967_03_09_5918.huff 	 44599 	 24123 	 4464
1967_03_15_5940.huff 	 35059 	 19810 	 3468
1967_07_24_4039.huff 	 8998 	 5292 	 905
1967_07_27_4040.huff 	 19533 	 10736 	 1918
1967_08_18_5919.huff 	 42714 	 23903 	 4382
1967_09_29_4041.huff 	 28389 	 15784 	 2830
1967_11_17_5920.huff 	 55539 	 29410 	 5599
1967_12_19_5921.huff 	 88991 	 47525 	 9073
1968_01_17_5666.huff 	 99100 	 55892 	 9962
1968_03_31_3388.huff 	 40836 	 23073 	 4142
1968_04_01_5941.huff 	 25941 	 13966 	 2616
1968_04_03_5922.huff 	 4058 	 2462 	 420
1968_04_11_4036.huff 	 6672 	 3639 	 690
1968_07_01_4037.huff 	 11110 	 6726 	 1146
1968_10_31_3389.huff 	 20660 	 11884 	 2102
1969_01_14_5667.huff 	 80018 	 45774 	 8292
1969_01_20_3587.huff 	 21219 	 11219 	 2131
1969_11_03_3873.huff 	 44962 	 25427 	 4585
1970_01_22_3889.huff 	 43879 	 24748 	 4493
1970_04_30_3890.huff 	 27323 	 15606 	 2731
1971_01_22_3874.huff 	 43995 	 25178 	 4551
1971_02_25_3875.huff 	 35145 	 20015 	 3559
1971_04_07_3876.huff 	 25804 	 14219 	 2612
1971_05_20_3877.huff 	 2810 	 1641 	 273
1972_01_20_3878.huff 	 39094 	 22498 	 4016
1972_01_25_3879.huff 	 25697 	 14341 	 2537
1972_05_08_3880.huff 	 22624 	 12715 	 2243
1972_11_06_3881.huff 	 5674 	 3152 	 597
1972_11_07_3882.huff 	 6595 	 3634 	 703
1973_01_20_3588.huff 	 17411 	 9713 	 1819
1973_01_23_3884.huff 	 12112 	 6895 	 1257
1973_04_30_3885.huff 	 27119 	 15404 	 2773
1973_08_15_3886.huff 	 35701 	 20461 	 3630
1974_01_30_3887.huff 	 50072 	 28681 	 5209
1974_02_25_3888.huff 	 52586 	 28996 	 5414
1974_04_29_3872.huff 	 48522 	 27013 	 4814
1974_08_08_3871.huff 	 16962 	 9649 	 1811
1974_08_09_3390.huff 	 8347 	 4578 	 850
1974_08_09_3891.huff 	 18331 	 8997 	 1837
1974_09_08_5598.huff 	 10692 	 5834 	 1094
1974_09_16_3522.huff 	 5977 	 3482 	 594
1974_09_18_5498.huff 	 20799 	 12184 	 2096
1974_10_08_3283.huff 	 45594 	 25104 	 4356
1975_01_15_5499.huff 	 43110 	 24233 	 4179
1975_04_10_5500.huff 	 60852 	 35761 	 6117
1975_04_23_3392.huff 	 24583 	 13481 	 2400
1975_05_27_3985.huff 	 14466 	 7662 	 1377
1975_08_01_3393.huff 	 28102 	 16596 	 2798
1975_12_07_5501.huff 	 22798 	 13305 	 2267
1976_01_19_5599.huff 	 51617 	 29053 	 5031
1976_08_19_3394.huff 	 29984 	 16184 	 2930
1976_08_19_5842.huff 	 7998 	 4067 	 788
1976_09_23_5546.huff 	 137951 	 75256 	 13833
1976_10_06_5538.huff 	 131181 	 72438 	 13124
1976_10_22_5539.huff 	 133529 	 72517 	 13282
1977_01_12_5600.huff 	 47712 	 27761 	 4762
1977_01_20_3286.huff 	 12258 	 6686 	 1229
1977_02_02_3396.huff 	 35123 	 19773 	 3527
1977_03_09_3397.huff 	 50334 	 27516 	 4974
1977_04_18_3398.huff 	 26997 	 14543 	 2676
1977_05_22_3399.huff 	 32632 	 18315 	 3236
1977_09_07_3928.huff 	 6515 	 3857 	 697
1977_11_08_3400.huff 	 25029 	 13939 	 2509
1978_01_19_5537.huff 	 46220 	 25999 	 4656
1978_09_17_3401.huff 	 7503 	 4462 	 753
1978_10_24_5547.huff 	 33737 	 18801 	 3300
1978_12_15_3935.huff 	 8765 	 5379 	 926
1979_01_23_5533.huff 	 33445 	 19215 	 3328
1979_07_15_3402.huff 	 36943 	 19722 	 3682
1979_11_13_5852.huff 	 36768 	 20439 	 3702
1980_01_04_3403.huff 	 13583 	 8245 	 1363
1980_01_23_3404.huff 	 34585 	 19778 	 3470
1980_04_25_3936.huff 	 8121 	 4726 	 817
1980_07_17_3406.huff 	 46951 	 25991 	 4699
1980_08_14_5534.huff 	 48726 	 26234 	 4789
1980_10_28_5535.huff 	 156502 	 85334 	 15526
1981_01_14_5536.huff 	 21496 	 12293 	 2189
1981_01_20_3407.huff 	 24578 	 13352 	 2453
1981_01_29_5853.huff 	 46177 	 24618 	 4573
1981_04_28_5446.huff 	 25229 	 13476 	 2461
1981_05_17_5854.huff 	 34392 	 17730 	 3313
1981_06_29_5855.huff 	 41165 	 22115 	 3974
1981_07_27_5676.huff 	 36775 	 19304 	 3555
1981_08_03_5452.huff 	 25018 	 13466 	 2521
1981_11_18_5447.huff 	 34081 	 19082 	 3293
1981_12_23_5448.huff 	 22677 	 12429 	 2203
1982_01_26_5679.huff 	 54596 	 30219 	 5288
1982_06_08_3408.huff 	 45976 	 25557 	 4466
1982_06_09_5449.huff 	 36035 	 20097 	 3480
1982_06_17_5450.huff 	 36754 	 20534 	 3541
1982_08_16_5677.huff 	 32400 	 17058 	 3145
1982_09_01_5856.huff 	 29525 	 16823 	 2957
1982_09_20_5453.huff 	 12594 	 7144 	 1283
1983_01_25_5680.huff 	 58033 	 32285 	 5681
1983_02_18_5857.huff 	 53864 	 28620 	 5160
1983_03_08_3409.huff 	 41096 	 22189 	 3932
1983_03_23_5454.huff 	 48332 	 26121 	 4630
1983_04_27_5858.huff 	 45578 	 25647 	 4398
1983_09_05_5859.huff 	 27189 	 14535 	 2604
1983_10_27_5860.huff 	 86264 	 46008 	 8460
1983_11_02_5455.huff 	 9409 	 4677 	 874
1983_11_04_5456.huff 	 10078 	 5421 	 1000
1984_01_25_5457.huff 	 53074 	 28735 	 5059
1984_01_29_5861.huff 	 7697 	 4059 	 738
1984_05_28_5862.huff 	 24463 	 12886 	 2388
1984_06_03_5863.huff 	 24361 	 12136 	 2352
1984_06_06_3410.huff 	 19388 	 9854 	 1866
1984_08_23_3411.huff 	 54112 	 28623 	 5187
1984_10_07_5459.huff 	 161003 	 83972 	 15959
1984_10_21_5463.huff 	 144624 	 76969 	 14237
1985_01_21_3923.huff 	 26400 	 14242 	 2607
1985_02_06_5681.huff 	 45665 	 24503 	 4309
1985_05_05_3412.huff 	 12291 	 6307 	 1165
1985_11_21_3924.huff 	 25030 	 13442 	 2433
1986_01_28_3413.huff 	 7176 	 3475 	 673
1986_02_04_5682.huff 	 37594 	 19716 	 3560
1986_04_14_5864.huff 	 10617 	 5749 	 997
1986_09_14_5465.huff 	 31640 	 16194 	 3009
1986_10_13_5865.huff 	 30913 	 16914 	 2988
1986_10_22_5678.huff 	 15147 	 8075 	 1456
1987_01_27_5683.huff 	 40401 	 21573 	 3890
1987_03_04_3414.huff 	 20212 	 10533 	 1958
1987_06_12_3415.huff 	 28812 	 15362 	 2721
1987_12_08_5866.huff 	 10383 	 5465 	 974
1987_12_10_5867.huff 	 28228 	 15238 	 2757
1988_01_25_5684.huff 	 51417 	 27716 	 4975
1988_05_31_3416.huff 	 72960 	 38629 	 7166
1988_08_15_5469.huff 	 48134 	 24488 	 4622
1988_08_18_5526.huff 	 42883 	 21465 	 4174
1988_09_25_5527.huff 	 164671 	 84882 	 16192
1988_09_26_5868.huff 	 50936 	 28437 	 5001
1988_11_11_3417.huff 	 2819 	 1410 	 284
1988_12_16_5470.huff 	 73643 	 40085 	 7204
1989_01_11_3418.huff 	 35035 	 17552 	 3401
1989_01_20_3419.huff 	 23425 	 12128 	 2341
1989_02_09_3420.huff 	 50716 	 27049 	 4917
1989_05_12_3421.huff 	 26037 	 13934 	 2473
1989_12_20_3422.huff 	 7913 	 4660 	 775
1990_01_31_3423.huff 	 39396 	 20805 	 3878
1990_07_26_3424.huff 	 18858 	 10326 	 1842
1990_08_08_5529.huff 	 15273 	 8321 	 1446
1990_09_11_3425.huff 	 34683 	 18745 	 3320
1990_10_01_3426.huff 	 28221 	 15483 	 2796
1990_10_02_3427.huff 	 11600 	 6140 	 1146
1991_01_16_3428.huff 	 15939 	 8485 	 1529
1991_01_29_3429.huff 	 40878 	 22635 	 4019
1991_02_27_5530.huff 	 8065 	 4413 	 784
1991_03_06_3430.huff 	 28660 	 15218 	 2818
1991_07_31_5605.huff 	 118008 	 66870 	 12040
1992_01_28_5531.huff 	 53888 	 27779 	 5220
1992_08_20_3431.huff 	 54229 	 27059 	 5108
1992_10_11_5532.huff 	 176719 	 88408 	 17078
1992_12_04_3984.huff 	 12014 	 6371 	 1154
1992_12_15_3432.huff 	 39898 	 21593 	 3830
1993_01_05_3433.huff 	 33608 	 18489 	 3337
1993_01_20_3434.huff 	 16248 	 8848 	 1610
1993_01_29_4561.huff 	 23243 	 12930 	 2362
1993_02_05_4562.huff 	 10658 	 5708 	 1058
1993_02_17_3435.huff 	 71232 	 38439 	 7127
1993_04_30_4563.huff 	 51969 	 27809 	 5183
1993_05_05_4564.huff 	 10044 	 5604 	 1002
1993_06_06_4565.huff 	 11223 	 5703 	 1086
1993_09_13_3925.huff 	 11672 	 6337 	 1133
1993_09_22_3926.huff 	 74879 	 39652 	 7323
1993_10_07_4566.huff 	 19288 	 10383 	 1897
1993_11_13_3436.huff 	 44243 	 22229 	 4365
1993_12_08_3927.huff 	 26108 	 14271 	 2599
1994_01_25_3437.huff 	 78534 	 41128 	 7548
1994_06_06_3438.huff 	 14426 	 7205 	 1329
1994_07_12_3439.huff 	 7880 	 4125 	 757
1995_01_24_3440.huff 	 94870 	 50052 	 9409
1995_04_23_3441.huff 	 9266 	 4646 	 914
1995_07_19_4594.huff 	 67269 	 36979 	 6547
1995_10_16_4595.huff 	 47939 	 25475 	 4683
1995_11_27_3929.huff 	 29880 	 16473 	 2949
1995_11_30_3442.huff 	 31078 	 16564 	 3065
1996_01_23_5494.huff 	 65979 	 35595 	 6435
1996_06_25_4596.huff 	 19600 	 10714 	 1927
1996_08_29_4597.huff 	 74086 	 38082 	 7171
1996_10_06_4598.huff 	 183300 	 92125 	 17749
1996_11_03_4599.huff 	 32631 	 16381 	 3231
1997_01_20_3443.huff 	 21700 	 11876 	 2172
1997_02_04_5495.huff 	 71061 	 37977 	 6851
1997_04_22_4600.huff 	 12750 	 6480 	 1242
1998_01_26_3930.huff 	 10084 	 5083 	 970
1998_01_27_3444.huff 	 78154 	 41276 	 7467
1998_03_23_4601.huff 	 17821 	 9393 	 1683
1998_03_25_4602.huff 	 22889 	 12461 	 2251
1998_08_17_3931.huff 	 5483 	 2947 	 544
1999_01_19_5496.huff 	 79911 	 42452 	 7629
1999_03_24_3932.huff 	 19959 	 10680 	 1921
1999_06_10_3933.huff 	 17455 	 9491 	 1691
2000_01_27_5497.huff 	 97624 	 51053 	 9279
2001_01_18_4155.huff 	 11448 	 6241 	 1123
2001_01_20_3645.huff 	 15948 	 8735 	 1594
2001_06_07_3986.huff 	 9827 	 5127 	 928
2002_01_29_4540.huff 	 40988 	 22040 	 3869
2003_01_28_4541.huff 	 57245 	 31122 	 5445
2004_01_20_4542.huff 	 54866 	 29881 	 5236
2005_01_20_4463.huff 	 20549 	 11655 	 2084
2005_02_02_4464.huff 	 53035 	 29152 	 5098
2006_01_31_4461.huff 	 56067 	 30723 	 5367
2007_01_23_4455.huff 	 58805 	 31196 	 5648
2008_01_28_4454.huff 	 60759 	 33015 	 5789
2008_03_19_4452.huff 	 34651 	 18160 	 3223
2008_08_28_4427.huff 	 50102 	 25287 	 4795
2008_11_04_4424.huff 	 20151 	 10236 	 1985
2009_01_15_4450.huff 	 19495 	 10405 	 1878
2009_01_20_4453.huff 	 24541 	 13046 	 2412
2009_02_24_4612.huff 	 63832 	 33617 	 6199
2009_06_04_5502.huff 	 62376 	 33878 	 6073
2009_09_09_5548.huff 	 58971 	 31444 	 5692
2010_01_27_5706.huff 	 78170 	 40920 	 7476
