old-1
FILE 	 HUFFSIZE 	 ORIGINAL SIZE 	 WORDSIZE
1789_04_30_3446.huff 	 8104 	 8520 	 1433
1789_10_03_3447.huff 	 2699 	 2500 	 435
1790_01_08_3448.huff 	 5295 	 5197 	 848
1790_12_08_3449.huff 	 7799 	 8256 	 1400
1790_12_29_3450.huff 	 5984 	 7727 	 1401
1791_10_25_3451.huff 	 10596 	 13669 	 2267
1792_04_05_3452.huff 	 975 	 966 	 156
1792_11_06_3938.huff 	 10879 	 13927 	 2358
1792_12_12_3453.huff 	 1586 	 1122 	 190
1793_03_04_3454.huff 	 1143 	 776 	 136
1793_04_22_3455.huff 	 1633 	 1395 	 237
1793_12_03_3456.huff 	 10490 	 11444 	 1973
1794_08_07_3721.huff 	 6467 	 7626 	 1284
1794_09_25_3458.huff 	 4484 	 3992 	 653
1794_11_19_3459.huff 	 15130 	 17327 	 2927
1795_07_10_3460.huff 	 2182 	 2314 	 382
1795_12_08_3939.huff 	 10763 	 11992 	 1977
1796_03_30_3461.huff 	 5075 	 6261 	 1065
1796_08_29_3941.huff 	 6570 	 8537 	 1602
1796_09_19_3462.huff 	 23256 	 36045 	 6074
1796_12_07_3463.huff 	 13209 	 17030 	 2865
1797_03_04_3445.huff 	 10818 	 13603 	 2322
1797_05_16_3464.huff 	 12989 	 18104 	 3025
1797_11_22_3465.huff 	 9527 	 12172 	 2049
1798_03_23_3942.huff 	 4124 	 3910 	 655
1798_12_08_3466.huff 	 10809 	 13185 	 2218
1799_12_03_3467.huff 	 7831 	 9010 	 1494
1799_12_19_3943.huff 	 6670 	 7302 	 1265
1800_05_21_3944.huff 	 1947 	 1740 	 291
1800_11_22_3468.huff 	 7289 	 8215 	 1374
1801_03_04_3469.huff 	 9253 	 9923 	 1732
1801_07_12_3470.huff 	 6448 	 6877 	 1211
1801_12_08_3471.huff 	 14254 	 19077 	 3235
1802_01_01_3473.huff 	 1807 	 1400 	 234
1802_11_03_3474.huff 	 4792 	 4891 	 914
1802_12_15_3475.huff 	 10384 	 12351 	 2125
1803_01_18_3476.huff 	 7215 	 7605 	 1284
1803_06_20_3477.huff 	 10824 	 13360 	 2345
1803_10_17_3478.huff 	 11051 	 13931 	 2301
1803_12_17_3479.huff 	 5276 	 5859 	 1140
1804_11_08_3480.huff 	 9754 	 12375 	 2100
1805_03_04_3491.huff 	 10656 	 12609 	 2152
1805_12_03_3493.huff 	 12894 	 16679 	 2902
1805_12_06_3492.huff 	 5533 	 5803 	 993
1806_01_10_3494.huff 	 4375 	 4381 	 847
1806_11_27_3722.huff 	 2556 	 2562 	 425
1806_12_02_3495.huff 	 12576 	 16947 	 2881
1806_12_30_3496.huff 	 4962 	 5982 	 1175
1807_01_22_3497.huff 	 10475 	 14464 	 2478
1807_02_10_3498.huff 	 6142 	 6567 	 1143
1807_07_02_3499.huff 	 5857 	 6817 	 1174
1807_10_27_3500.huff 	 11203 	 13939 	 2373
1808_11_08_3501.huff 	 12405 	 16092 	 2710
1809_03_04_3482.huff 	 7081 	 6905 	 1177
1809_04_03_3502.huff 	 2328 	 1863 	 337
1809_05_23_3607.huff 	 6176 	 6514 	 1116
1809_11_29_3608.huff 	 9169 	 10868 	 1832
1810_10_27_3610.huff 	 3708 	 3654 	 624
1810_12_05_3609.huff 	 11686 	 14772 	 2451
1811_02_21_3611.huff 	 2163 	 2062 	 335
1811_11_05_3613.huff 	 10990 	 13690 	 2275
1812_06_01_3614.huff 	 12320 	 17228 	 2851
1812_06_19_3615.huff 	 1949 	 1674 	 289
1812_07_09_3616.huff 	 2224 	 1808 	 311
1812_11_04_3619.huff 	 14911 	 19251 	 3251
1813_03_04_3620.huff 	 7038 	 7055 	 1211
1813_05_25_3621.huff 	 10444 	 12168 	 2111
1813_07_23_3622.huff 	 4867 	 4624 	 799
1813_12_07_3623.huff 	 14334 	 19136 	 3262
1814_09_01_3624.huff 	 4554 	 4141 	 696
1814_09_20_3625.huff 	 10986 	 12363 	 2115
1815_01_30_3626.huff 	 5955 	 7358 	 1281
1815_02_18_3627.huff 	 5209 	 4958 	 829
1815_12_05_3628.huff 	 14146 	 19107 	 3186
1816_12_03_3629.huff 	 14484 	 19976 	 3370
1817_03_03_3630.huff 	 3847 	 4856 	 815
1817_03_04_3483.huff 	 13336 	 19556 	 3379
1817_12_02_3594.huff 	 16014 	 25759 	 4447
1818_11_16_3596.huff 	 16208 	 25970 	 4378
1819_12_07_3597.huff 	 15530 	 27356 	 4711
1820_11_14_3598.huff 	 14183 	 20068 	 3464
1821_03_05_3601.huff 	 16437 	 25884 	 4482
1821_07_04_3484.huff 	 2933 	 2603 	 447
1821_12_03_3602.huff 	 17543 	 33708 	 5858
1822_12_03_3603.huff 	 16852 	 27660 	 4765
1823_12_02_3604.huff 	 21117 	 37578 	 6423
1824_12_07_3606.huff 	 23011 	 48968 	 8444
1825_03_04_3513.huff 	 13147 	 17489 	 2917
1825_12_06_3514.huff 	 27994 	 53039 	 9088
1826_12_05_3515.huff 	 24041 	 45626 	 7848
1827_12_04_3516.huff 	 23993 	 41545 	 7058
1828_12_02_3517.huff 	 24019 	 43365 	 7391
1829_03_04_3485.huff 	 6800 	 6722 	 1128
1829_05_11_3631.huff 	 1976 	 2348 	 402
1829_12_08_3632.huff 	 30911 	 61903 	 10568
1830_10_05_3633.huff 	 2562 	 4812 	 846
1830_12_06_3634.huff 	 36482 	 88827 	 15043
1831_12_06_3635.huff 	 23455 	 42221 	 7211
1832_07_10_3636.huff 	 20074 	 46421 	 8138
1832_12_04_3637.huff 	 25143 	 46153 	 7903
1833_03_04_3639.huff 	 6410 	 6946 	 1176
1833_12_03_3640.huff 	 22836 	 46194 	 7930
1834_12_01_3641.huff 	 34605 	 79060 	 13514
1835_12_07_3642.huff 	 29753 	 63520 	 10864
1836_12_05_3643.huff 	 32030 	 72318 	 12428
1837_03_04_3486.huff 	 17166 	 23066 	 3846
1837_03_04_3644.huff 	 24754 	 47766 	 8254
1837_09_04_3724.huff 	 28587 	 69051 	 11785
1837_12_05_3589.huff 	 31458 	 67914 	 11513
1838_01_05_3725.huff 	 2442 	 2348 	 396
1838_12_03_3591.huff 	 31749 	 68824 	 11558
1839_12_02_3592.huff 	 35022 	 78957 	 13492
1840_12_05_3593.huff 	 28379 	 54157 	 9014
1841_01_02_3726.huff 	 4553 	 5047 	 882
1841_03_04_3548.huff 	 24811 	 48991 	 8465
1841_12_07_3549.huff 	 26971 	 48129 	 8295
1845_03_04_3550.huff 	 17210 	 28267 	 4814
1849_03_05_3551.huff 	 6534 	 6504 	 1091
1850_12_02_3552.huff 	 27476 	 49039 	 8373
1852_07_06_3487.huff 	 20308 	 60149 	 10878
1853_03_04_3553.huff 	 15289 	 19750 	 3342
1853_12_05_3728.huff 	 30959 	 57134 	 9677
1854_01_18_3727.huff 	 1902 	 1619 	 271
1854_10_16_3503.huff 	 32398 	 181760 	 33420
1854_12_04_3729.huff 	 32536 	 60991 	 10213
1855_12_31_3730.huff 	 32843 	 69350 	 11672
1856_12_02_3731.huff 	 30960 	 62898 	 10567
1857_03_04_3554.huff 	 12090 	 16532 	 2836
1857_12_08_3732.huff 	 34295 	 80636 	 13775
1858_06_16_3504.huff 	 11961 	 17778 	 3226
1858_12_06_3733.huff 	 38851 	 96899 	 16505
1859_12_19_3734.huff 	 32762 	 72729 	 12513
1860_02_27_3505.huff 	 16027 	 34825 	 6164
1860_12_03_3735.huff 	 34840 	 82815 	 14150
1861_02_11_3506.huff 	 1243 	 776 	 152
1861_03_04_3507.huff 	 13346 	 41212 	 7272
1861_07_04_3508.huff 	 19082 	 71328 	 12572
1861_12_03_3736.huff 	 24731 	 40806 	 7052
1862_12_01_3737.huff 	 27767 	 48876 	 8550
1863_01_01_3509.huff 	 3486 	 4146 	 711
1863_08_26_3510.huff 	 7821 	 17822 	 3396
1863_11_19_3511.huff 	 1780 	 1421 	 272
1863_12_08_3738.huff 	 23421 	 36487 	 6221
1864_12_06_3739.huff 	 23618 	 34799 	 5997
1865_03_04_3512.huff 	 4513 	 3849 	 705
1865_12_04_3555.huff 	 28667 	 53861 	 9294
1869_03_04_3556.huff 	 6309 	 6379 	 1132
1869_12_06_3740.huff 	 25281 	 45152 	 7777
1870_12_05_3741.huff 	 28986 	 51175 	 8847
1871_12_04_3742.huff 	 23043 	 38083 	 6476
1872_12_02_3743.huff 	 31786 	 60356 	 10410
1873_03_04_3557.huff 	 7078 	 7578 	 1341
1873_12_01_3744.huff 	 31570 	 59270 	 10156
1874_12_07_3745.huff 	 29453 	 57804 	 9889
1875_12_07_3746.huff 	 34422 	 71928 	 12324
1876_12_05_3747.huff 	 23370 	 40126 	 6860
1877_03_05_3558.huff 	 10926 	 14676 	 2494
1877_12_03_3748.huff 	 31763 	 63915 	 10862
1878_12_02_3749.huff 	 27611 	 47668 	 8037
1879_12_01_3750.huff 	 33028 	 69987 	 11801
1880_12_06_3751.huff 	 38757 	 80960 	 13593
1881_03_04_3559.huff 	 13281 	 17494 	 2993
1881_12_06_3560.huff 	 41999 	 80527 	 13710
1882_12_04_3752.huff 	 35104 	 61739 	 10519
1883_12_04_3753.huff 	 31234 	 51361 	 8681
1884_12_01_3754.huff 	 31933 	 54237 	 9112
1885_03_04_3571.huff 	 8763 	 9990 	 1691
1885_12_08_3755.huff 	 51632 	 119104 	 19979
1886_12_06_3756.huff 	 42434 	 91414 	 15374
1887_12_06_3757.huff 	 18753 	 31173 	 5365
1888_12_03_3758.huff 	 41885 	 80055 	 13434
1889_03_04_3561.huff 	 17853 	 25858 	 4407
1889_12_03_3765.huff 	 36880 	 76723 	 13143
1890_12_01_3766.huff 	 34249 	 68497 	 11675
1891_12_09_3767.huff 	 41332 	 95438 	 16536
1892_12_06_3768.huff 	 38357 	 80454 	 14111
1893_03_04_3572.huff 	 10868 	 12214 	 2028
1893_08_08_3759.huff 	 10096 	 12221 	 2104
1893_12_04_3760.huff 	 41875 	 75480 	 12681
1894_12_03_3762.huff 	 46785 	 96239 	 16370
1895_12_02_3763.huff 	 41579 	 88452 	 14868
1896_12_07_3764.huff 	 45508 	 93353 	 15901
1897_03_04_3562.huff 	 16299 	 23247 	 3977
1897_12_06_3769.huff 	 35190 	 71532 	 12225
1898_12_05_3770.huff 	 53716 	 121684 	 20533
1899_12_05_3771.huff 	 55771 	 137444 	 23065
1900_12_03_3772.huff 	 53005 	 116387 	 19479
1901_03_04_3563.huff 	 11179 	 13190 	 2225
1901_12_03_3773.huff 	 47045 	 113948 	 19736
1902_12_02_3774.huff 	 30063 	 56737 	 9838
1903_12_07_3775.huff 	 40281 	 88561 	 15059
1904_12_06_3776.huff 	 44376 	 102379 	 17559
1905_03_04_3564.huff 	 5159 	 5471 	 991
1905_12_05_3777.huff 	 52263 	 145178 	 25168
1906_12_03_3778.huff 	 52326 	 135848 	 23725
1907_12_03_3779.huff 	 55376 	 159425 	 27581
1908_12_09_3780.huff 	 46341 	 113651 	 19565
1909_03_04_3565.huff 	 18807 	 31728 	 5442
1909_11_17_3781.huff 	 18806 	 43497 	 7878
1909_12_07_3782.huff 	 35431 	 83523 	 13985
1910_12_06_3783.huff 	 55767 	 165510 	 28272
1911_01_26_3784.huff 	 10766 	 13874 	 2294
1911_12_05_3785.huff 	 50159 	 141324 	 23994
1912_12_03_3786.huff 	 52993 	 150971 	 25409
1913_03_04_3566.huff 	 8503 	 9371 	 1712
1913_07_04_3787.huff 	 6317 	 6716 	 1267
1913_10_25_3788.huff 	 8149 	 10553 	 1956
1913_12_02_3789.huff 	 14284 	 20203 	 3567
1914_01_20_3790.huff 	 10437 	 14764 	 2523
1914_08_20_3791.huff 	 3879 	 3517 	 632
1914_10_20_3792.huff 	 5157 	 5704 	 1078
1914_12_08_3793.huff 	 15789 	 24912 	 4548
1915_12_07_3794.huff 	 23188 	 44028 	 7772
1916_09_02_3795.huff 	 18972 	 31612 	 5537
1916_12_05_3796.huff 	 9260 	 12584 	 2127
1917_01_22_3797.huff 	 9636 	 14958 	 2685
1917_03_05_3567.huff 	 7060 	 8248 	 1531
1917_04_02_4722.huff 	 14021 	 20662 	 3679
1917_04_06_3798.huff 	 5851 	 8770 	 1541
1917_12_04_3799.huff 	 14449 	 21693 	 3935
1918_12_02_3801.huff 	 19384 	 30929 	 5495
1919_12_02_3802.huff 	 18294 	 28090 	 4773
1920_12_07_3803.huff 	 11895 	 15879 	 2744
1921_03_04_3568.huff 	 15290 	 19866 	 3346
1921_12_06_3804.huff 	 21359 	 33673 	 5652
1922_12_08_3805.huff 	 22026 	 34829 	 5786
1923_12_06_3806.huff 	 23065 	 40357 	 6746
1924_12_03_3807.huff 	 23130 	 41883 	 7019
1925_03_04_3569.huff 	 15866 	 23540 	 4057
1925_12_08_3808.huff 	 30800 	 65151 	 10958
1926_12_07_3809.huff 	 30643 	 61672 	 10407
1927_08_10_3810.huff 	 5587 	 6136 	 1044
1927_12_06_3811.huff 	 28008 	 53186 	 8880
1928_10_22_6000.huff 	 19512 	 36485 	 6211
1928_12_04_3812.huff 	 28237 	 49225 	 8168
1929_03_04_3570.huff 	 13910 	 22593 	 3766
1929_07_24_3813.huff 	 5839 	 6529 	 1100
1933_03_04_3280.huff 	 9781 	 10793 	 1901
1933_03_12_3298.huff 	 7718 	 9868 	 1797
1933_05_07_3299.huff 	 12504 	 16903 	 2971
1933_07_24_3300.huff 	 12264 	 16411 	 2971
1933_10_22_3301.huff 	 10960 	 14915 	 2720
1934_06_28_3302.huff 	 11933 	 14532 	 2531
1934_09_30_3303.huff 	 13311 	 18648 	 3163
1935_04_28_3304.huff 	 12818 	 17888 	 3096
1936_06_27_3305.huff 	 9423 	 11307 	 2015
1936_09_06_3306.huff 	 12805 	 18203 	 3207
1936_10_31_3307.huff 	 10845 	 13653 	 2468
1937_01_20_3308.huff 	 9345 	 10372 	 1825
1937_03_09_3309.huff 	 14155 	 22920 	 4066
1937_10_05_3310.huff 	 9310 	 10818 	 1864
1937_10_12_3311.huff 	 13084 	 18377 	 3271
1937_11_14_3312.huff 	 7188 	 9290 	 1634
1938_04_14_3313.huff 	 16148 	 25830 	 4599
1938_06_24_3314.huff 	 14448 	 20302 	 3533
1938_07_08_3573.huff 	 7244 	 8211 	 1446
1939_09_03_3315.huff 	 5876 	 6699 	 1241
1940_05_26_3316.huff 	 14981 	 21263 	 3871
1940_06_10_3317.huff 	 8628 	 11016 	 1970
1940_07_19_3318.huff 	 14337 	 19715 	 3544
1940_12_29_3319.huff 	 15236 	 22208 	 4041
1941_01_06_3320.huff 	 13961 	 18840 	 3330
1941_01_20_3321.huff 	 6714 	 7368 	 1362
1941_03_15_3322.huff 	 12970 	 16647 	 3031
1941_05_27_3814.huff 	 17895 	 26288 	 4620
1941_09_11_3323.huff 	 11837 	 17146 	 3065
1941_12_08_3324.huff 	 3384 	 3075 	 518
1941_12_09_3325.huff 	 12777 	 16543 	 3023
1941_12_11_3815.huff 	 971 	 817 	 139
1942_02_23_3326.huff 	 16150 	 23646 	 4251
1942_04_28_3327.huff 	 15981 	 21408 	 3868
1942_09_07_3328.huff 	 12526 	 17350 	 3180
1942_10_12_3329.huff 	 14304 	 19085 	 3483
1943_01_07_3816.huff 	 17629 	 25610 	 4625
1943_05_02_3330.huff 	 10368 	 13529 	 2465
1943_07_28_3331.huff 	 14693 	 19271 	 3468
1943_09_08_3332.huff 	 6982 	 7822 	 1466
1943_12_01_3817.huff 	 2440 	 1986 	 351
1943_12_24_3333.huff 	 13639 	 18778 	 3397
1944_01_11_3955.huff 	 14095 	 19341 	 3469
1944_06_05_3334.huff 	 8446 	 9264 	 1665
1944_06_12_3335.huff 	 8229 	 9091 	 1650
1944_07_20_3336.huff 	 8908 	 9844 	 1777
1945_01_20_3337.huff 	 3480 	 2924 	 561
1945_02_11_3819.huff 	 8441 	 12294 	 2019
1945_03_01_3338.huff 	 18705 	 33424 	 6044
1945_04_16_3339.huff 	 9126 	 10593 	 1880
1945_05_08_3340.huff 	 4071 	 3768 	 709
1945_08_06_3820.huff 	 6557 	 6616 	 1166
1945_08_09_3821.huff 	 14300 	 23062 	 4075
1945_09_01_3341.huff 	 6151 	 6795 	 1268
1945_10_27_3342.huff 	 11139 	 14596 	 2603
1947_03_12_3343.huff 	 9662 	 13236 	 2213
1947_06_20_3344.huff 	 7518 	 10155 	 1807
1947_06_29_3345.huff 	 6677 	 7000 	 1232
1948_07_15_3346.huff 	 9727 	 14429 	 2721
1948_09_18_3347.huff 	 3734 	 3874 	 794
1948_09_18_3348.huff 	 4044 	 4234 	 817
1948_11_03_3349.huff 	 1565 	 1432 	 285
1949_01_20_3350.huff 	 10049 	 13356 	 2284
1951_04_11_3351.huff 	 8864 	 13392 	 2469
1952_03_15_3352.huff 	 7415 	 10065 	 1970
1952_03_29_3353.huff 	 12210 	 20233 	 3804
1952_09_23_4638.huff 	 12561 	 24060 	 4800
1952_10_22_3354.huff 	 5222 	 6513 	 1280
1953_01_15_3355.huff 	 13557 	 19751 	 3802
1953_01_20_3356.huff 	 11671 	 13616 	 2476
1953_04_16_3357.huff 	 12053 	 15977 	 2918
1953_12_08_3358.huff 	 13066 	 17666 	 3075
1956_08_23_3359.huff 	 17886 	 25074 	 4406
1957_01_05_3360.huff 	 13625 	 20490 	 3443
1960_07_15_3362.huff 	 12205 	 14003 	 2558
1960_09_12_3363.huff 	 7493 	 8671 	 1561
1960_09_26_5728.huff 	 20387 	 59322 	 11037
1960_10_07_5729.huff 	 22582 	 61224 	 11385
1960_10_13_5730.huff 	 22201 	 58786 	 10930
1960_10_21_5731.huff 	 21103 	 59337 	 10991
1961_01_09_3364.huff 	 5161 	 5012 	 911
1961_01_17_3361.huff 	 10223 	 10919 	 1858
1961_01_20_3365.huff 	 7218 	 7371 	 1368
1961_01_30_5945.huff 	 21731 	 30901 	 5301
1961_02_21_5946.huff 	 4501 	 5288 	 975
1961_03_01_3366.huff 	 2621 	 2297 	 412
1961_03_13_5732.huff 	 11154 	 14460 	 2479
1961_04_20_5669.huff 	 21769 	 47395 	 7751
1961_04_20_5739.huff 	 8090 	 8546 	 1531
1961_04_27_3677.huff 	 11717 	 14123 	 2453
1961_05_03_5947.huff 	 3650 	 3405 	 617
1961_05_17_5928.huff 	 12405 	 16773 	 3010
1961_05_25_3368.huff 	 21142 	 34311 	 5911
1961_06_06_5948.huff 	 12792 	 35680 	 6434
1961_06_07_5949.huff 	 6725 	 7245 	 1309
1961_07_25_5740.huff 	 15640 	 22697 	 4138
1961_09_25_5741.huff 	 17223 	 25491 	 4509
1961_10_12_5950.huff 	 9429 	 10634 	 1907
1961_11_11_5951.huff 	 5510 	 5671 	 1044
1961_11_16_3369.huff 	 9645 	 11895 	 2112
1961_12_06_5952.huff 	 20193 	 37681 	 6663
1961_12_07_5953.huff 	 13000 	 22628 	 4239
1961_12_11_5954.huff 	 2580 	 2358 	 467
1962_01_11_5742.huff 	 25696 	 38107 	 6589
1962_03_23_5765.huff 	 10523 	 12958 	 2270
1962_06_06_5766.huff 	 10250 	 13071 	 2371
1962_06_11_3370.huff 	 15434 	 22262 	 3886
1962_09_12_3371.huff 	 10512 	 11798 	 2230
1962_09_30_5743.huff 	 5880 	 6401 	 1139
1962_10_22_3372.huff 	 10935 	 14156 	 2452
1963_01_14_5762.huff 	 21379 	 30865 	 5436
1963_05_18_3373.huff 	 9065 	 11485 	 2028
1963_05_30_3380.huff 	 3657 	 3696 	 707
1963_06_05_5763.huff 	 10371 	 12605 	 2203
1963_06_10_3374.huff 	 14365 	 19184 	 3455
1963_06_11_3375.huff 	 8690 	 10902 	 1997
1963_06_26_3376.huff 	 3498 	 3506 	 676
1963_07_26_3377.huff 	 12295 	 17668 	 3130
1963_09_20_5764.huff 	 14788 	 20149 	 3564
1963_09_26_3378.huff 	 13696 	 20472 	 3755
1963_10_26_3379.huff 	 8732 	 10390 	 1881
1963_11_27_3381.huff 	 7657 	 8874 	 1646
1963_11_28_5657.huff 	 5235 	 10870 	 2058
1963_12_17_5658.huff 	 7161 	 16912 	 3094
1964_01_08_3382.huff 	 14081 	 18148 	 3230
1964_02_01_5898.huff 	 14969 	 22118 	 4003
1964_02_21_3523.huff 	 6596 	 6509 	 1182
1964_02_29_5899.huff 	 14598 	 47492 	 8586
1964_03_07_5900.huff 	 16152 	 26415 	 4754
1964_04_16_5901.huff 	 16049 	 25085 	 4624
1964_04_20_5659.huff 	 16294 	 49894 	 8778
1964_05_06_5902.huff 	 15628 	 25009 	 4540
1964_05_22_3383.huff 	 8349 	 9864 	 1821
1964_07_02_3525.huff 	 5880 	 5778 	 1035
1964_07_24_5903.huff 	 14895 	 25201 	 4549
1964_08_04_3998.huff 	 3370 	 3121 	 549
1964_08_05_5930.huff 	 5210 	 6264 	 1100
1964_08_27_5660.huff 	 8465 	 24002 	 4614
1964_10_09_3526.huff 	 13583 	 23147 	 4568
1964_10_18_5661.huff 	 8447 	 21070 	 3906
1964_10_27_3405.huff 	 17754 	 25390 	 4766
1965_01_04_4000.huff 	 16660 	 24371 	 4390
1965_01_20_4031.huff 	 7122 	 7866 	 1493
1965_02_04_5904.huff 	 13774 	 24770 	 4516
1965_03_13_5905.huff 	 12857 	 21423 	 3913
1965_03_15_3386.huff 	 13089 	 19640 	 3729
1965_03_20_5906.huff 	 16650 	 26473 	 4815
1965_03_26_5932.huff 	 4768 	 4276 	 769
1965_03_26_5933.huff 	 4813 	 5077 	 940
1965_04_07_5662.huff 	 11272 	 30725 	 5771
1965_04_27_5907.huff 	 16884 	 25644 	 4692
1965_04_28_4032.huff 	 1690 	 1480 	 247
1965_05_02_4033.huff 	 10479 	 15061 	 2671
1965_05_13_5934.huff 	 10961 	 13579 	 2480
1965_06_01_5908.huff 	 15807 	 25682 	 4607
1965_06_04_3387.huff 	 11901 	 15615 	 2833
1965_06_11_5935.huff 	 5963 	 5994 	 1135
1965_06_25_5664.huff 	 8770 	 20683 	 3684
1965_07_13_5909.huff 	 14699 	 23586 	 4298
1965_07_28_5910.huff 	 17143 	 28343 	 5262
1965_08_06_4034.huff 	 8502 	 10152 	 1869
1965_08_25_5911.huff 	 17079 	 27420 	 4955
1966_01_12_4035.huff 	 18839 	 31122 	 5579
1966_01_31_5936.huff 	 4229 	 4489 	 809
1966_02_23_5937.huff 	 14741 	 21337 	 3947
1966_03_23_5938.huff 	 7973 	 8963 	 1599
1966_06_30_5939.huff 	 13447 	 20932 	 3857
1966_07_05_5912.huff 	 17130 	 27400 	 4953
1966_07_12_4038.huff 	 10689 	 13840 	 2553
1966_07_20_5913.huff 	 14502 	 22829 	 4109
1966_10_06_5914.huff 	 14234 	 21968 	 3946
1966_10_15_5525.huff 	 4956 	 4923 	 844
1966_10_17_5915.huff 	 2264 	 1770 	 320
1966_12_31_5916.huff 	 10605 	 17175 	 3208
1967_01_10_5665.huff 	 22448 	 81162 	 14476
1967_02_02_5917.huff 	 10561 	 17381 	 3259
1967_03_09_5918.huff 	 14456 	 24123 	 4464
1967_03_15_5940.huff 	 14720 	 19810 	 3468
1967_07_24_4039.huff 	 4705 	 5292 	 905
1967_07_27_4040.huff 	 9586 	 10736 	 1918
1967_08_18_5919.huff 	 13990 	 23903 	 4382
1967_09_29_4041.huff 	 12024 	 15784 	 2830
1967_11_17_5920.huff 	 16325 	 29410 	 5599
1967_12_19_5921.huff 	 20378 	 47525 	 9073
1968_01_17_5666.huff 	 17377 	 55892 	 9962
1968_03_31_3388.huff 	 15061 	 23073 	 4142
1968_04_01_5941.huff 	 10782 	 13966 	 2616
1968_04_03_5922.huff 	 1412 	 2462 	 420
1968_04_11_4036.huff 	 3971 	 3639 	 690
1968_07_01_4037.huff 	 6087 	 6726 	 1146
1968_10_31_3389.huff 	 8463 	 11884 	 2102
1969_01_14_5667.huff 	 14891 	 45774 	 8292
1969_01_20_3587.huff 	 9572 	 11219 	 2131
1969_11_03_3873.huff 	 14920 	 25427 	 4585
1970_01_22_3889.huff 	 16187 	 24748 	 4493
1970_04_30_3890.huff 	 10377 	 15606 	 2731
1971_01_22_3874.huff 	 14443 	 25178 	 4551
1971_02_25_3875.huff 	 13454 	 20015 	 3559
1971_04_07_3876.huff 	 9891 	 14219 	 2612
1971_05_20_3877.huff 	 1925 	 1641 	 273
1972_01_20_3878.huff 	 14977 	 22498 	 4016
1972_01_25_3879.huff 	 9559 	 14341 	 2537
1972_05_08_3880.huff 	 9094 	 12715 	 2243
1972_11_06_3881.huff 	 3137 	 3152 	 597
1972_11_07_3882.huff 	 3491 	 3634 	 703
1973_01_20_3588.huff 	 6803 	 9713 	 1819
1973_01_23_3884.huff 	 5651 	 6895 	 1257
1973_04_30_3885.huff 	 11233 	 15404 	 2773
1973_08_15_3886.huff 	 13355 	 20461 	 3630
1974_01_30_3887.huff 	 15900 	 28681 	 5209
1974_02_25_3888.huff 	 15067 	 28996 	 5414
1974_04_29_3872.huff 	 15559 	 27013 	 4814
1974_08_08_3871.huff 	 7251 	 9649 	 1811
1974_08_09_3390.huff 	 5028 	 4578 	 850
1974_08_09_3891.huff 	 6714 	 8997 	 1837
1974_09_08_5598.huff 	 6018 	 5834 	 1094
1974_09_16_3522.huff 	 4163 	 3482 	 594
1974_09_18_5498.huff 	 9568 	 12184 	 2096
1974_10_08_3283.huff 	 17783 	 25104 	 4356
1975_01_15_5499.huff 	 16690 	 24233 	 4179
1975_04_10_5500.huff 	 21125 	 35761 	 6117
1975_04_23_3392.huff 	 11080 	 13481 	 2400
1975_05_27_3985.huff 	 6778 	 7662 	 1377
1975_08_01_3393.huff 	 12301 	 16596 	 2798
1975_12_07_5501.huff 	 10053 	 13305 	 2267
1976_01_19_5599.huff 	 18879 	 29053 	 5031
1976_08_19_3394.huff 	 13087 	 16184 	 2930
1976_08_19_5842.huff 	 4136 	 4067 	 788
1976_09_23_5546.huff 	 25966 	 75256 	 13833
1976_10_06_5538.huff 	 27238 	 72438 	 13124
1976_10_22_5539.huff 	 29220 	 72517 	 13282
1977_01_12_5600.huff 	 19095 	 27761 	 4762
1977_01_20_3286.huff 	 6693 	 6686 	 1229
1977_02_02_3396.huff 	 13455 	 19773 	 3527
1977_03_09_3397.huff 	 15730 	 27516 	 4974
1977_04_18_3398.huff 	 10432 	 14543 	 2676
1977_05_22_3399.huff 	 13886 	 18315 	 3236
1977_09_07_3928.huff 	 3609 	 3857 	 697
1977_11_08_3400.huff 	 9859 	 13939 	 2509
1978_01_19_5537.huff 	 16691 	 25999 	 4656
1978_09_17_3401.huff 	 4384 	 4462 	 753
1978_10_24_5547.huff 	 12232 	 18801 	 3300
1978_12_15_3935.huff 	 4329 	 5379 	 926
1979_01_23_5533.huff 	 13695 	 19215 	 3328
1979_07_15_3402.huff 	 13961 	 19722 	 3682
1979_11_13_5852.huff 	 15103 	 20439 	 3702
1980_01_04_3403.huff 	 6945 	 8245 	 1363
1980_01_23_3404.huff 	 13380 	 19778 	 3470
1980_04_25_3936.huff 	 4344 	 4726 	 817
1980_07_17_3406.huff 	 17714 	 25991 	 4699
1980_08_14_5534.huff 	 16954 	 26234 	 4789
1980_10_28_5535.huff 	 30816 	 85334 	 15526
1981_01_14_5536.huff 	 10363 	 12293 	 2189
1981_01_20_3407.huff 	 11505 	 13352 	 2453
1981_01_29_5853.huff 	 14935 	 24618 	 4573
1981_04_28_5446.huff 	 11195 	 13476 	 2461
1981_05_17_5854.huff 	 14010 	 17730 	 3313
1981_06_29_5855.huff 	 15981 	 22115 	 3974
1981_07_27_5676.huff 	 13677 	 19304 	 3555
1981_08_03_5452.huff 	 8310 	 13466 	 2521
1981_11_18_5447.huff 	 13685 	 19082 	 3293
1981_12_23_5448.huff 	 10763 	 12429 	 2203
1982_01_26_5679.huff 	 20043 	 30219 	 5288
1982_06_08_3408.huff 	 19056 	 25557 	 4466
1982_06_09_5449.huff 	 14433 	 20097 	 3480
1982_06_17_5450.huff 	 15417 	 20534 	 3541
1982_08_16_5677.huff 	 11833 	 17058 	 3145
1982_09_01_5856.huff 	 11309 	 16823 	 2957
1982_09_20_5453.huff 	 6082 	 7144 	 1283
1983_01_25_5680.huff 	 20730 	 32285 	 5681
1983_02_18_5857.huff 	 20797 	 28620 	 5160
1983_03_08_3409.huff 	 17204 	 22189 	 3932
1983_03_23_5454.huff 	 17119 	 26121 	 4630
1983_04_27_5858.huff 	 17676 	 25647 	 4398
1983_09_05_5859.huff 	 12312 	 14535 	 2604
1983_10_27_5860.huff 	 16150 	 46008 	 8460
1983_11_02_5455.huff 	 5288 	 4677 	 874
1983_11_04_5456.huff 	 5566 	 5421 	 1000
1984_01_25_5457.huff 	 20296 	 28735 	 5059
1984_01_29_5861.huff 	 4818 	 4059 	 738
1984_05_28_5862.huff 	 5980 	 12886 	 2388
1984_06_03_5863.huff 	 6065 	 12136 	 2352
1984_06_06_3410.huff 	 8915 	 9854 	 1866
1984_08_23_3411.huff 	 20221 	 28623 	 5187
1984_10_07_5459.huff 	 28429 	 83972 	 15959
1984_10_21_5463.huff 	 29868 	 76969 	 14237
1985_01_21_3923.huff 	 11911 	 14242 	 2607
1985_02_06_5681.huff 	 18548 	 24503 	 4309
1985_05_05_3412.huff 	 6245 	 6307 	 1165
1985_11_21_3924.huff 	 10831 	 13442 	 2433
1986_01_28_3413.huff 	 4061 	 3475 	 673
1986_02_04_5682.huff 	 15933 	 19716 	 3560
1986_04_14_5864.huff 	 5918 	 5749 	 997
1986_09_14_5465.huff 	 13317 	 16194 	 3009
1986_10_13_5865.huff 	 12050 	 16914 	 2988
1986_10_22_5678.huff 	 7697 	 8075 	 1456
1987_01_27_5683.huff 	 16882 	 21573 	 3890
1987_03_04_3414.huff 	 9180 	 10533 	 1958
1987_06_12_3415.huff 	 12541 	 15362 	 2721
1987_12_08_5866.huff 	 6198 	 5465 	 974
1987_12_10_5867.huff 	 11187 	 15238 	 2757
1988_01_25_5684.huff 	 18820 	 27716 	 4975
1988_05_31_3416.huff 	 22601 	 38629 	 7166
1988_08_15_5469.huff 	 17533 	 24488 	 4622
1988_08_18_5526.huff 	 15979 	 21465 	 4174
1988_09_25_5527.huff 	 29334 	 84882 	 16192
1988_09_26_5868.huff 	 18295 	 28437 	 5001
1988_11_11_3417.huff 	 1775 	 1410 	 284
1988_12_16_5470.huff 	 23886 	 40085 	 7204
1989_01_11_3418.huff 	 13351 	 17552 	 3401
1989_01_20_3419.huff 	 10143 	 12128 	 2341
1989_02_09_3420.huff 	 18911 	 27049 	 4917
1989_05_12_3421.huff 	 12452 	 13934 	 2473
1989_12_20_3422.huff 	 4394 	 4660 	 775
1990_01_31_3423.huff 	 14969 	 20805 	 3878
1990_07_26_3424.huff 	 8643 	 10326 	 1842
1990_08_08_5529.huff 	 7798 	 8321 	 1446
1990_09_11_3425.huff 	 14378 	 18745 	 3320
1990_10_01_3426.huff 	 12183 	 15483 	 2796
1990_10_02_3427.huff 	 5481 	 6140 	 1146
1991_01_16_3428.huff 	 7804 	 8485 	 1529
1991_01_29_3429.huff 	 16495 	 22635 	 4019
1991_02_27_5530.huff 	 4492 	 4413 	 784
1991_03_06_3430.huff 	 12007 	 15218 	 2818
1991_07_31_5605.huff 	 15172 	 66870 	 12040
1992_01_28_5531.huff 	 18782 	 27779 	 5220
1992_08_20_3431.huff 	 17955 	 27059 	 5108
1992_10_11_5532.huff 	 31367 	 88408 	 17078
1992_12_04_3984.huff 	 6246 	 6371 	 1154
1992_12_15_3432.huff 	 15986 	 21593 	 3830
1993_01_05_3433.huff 	 14000 	 18489 	 3337
1993_01_20_3434.huff 	 8101 	 8848 	 1610
1993_01_29_4561.huff 	 9018 	 12930 	 2362
1993_02_05_4562.huff 	 5219 	 5708 	 1058
1993_02_17_3435.huff 	 19724 	 38439 	 7127
1993_04_30_4563.huff 	 15713 	 27809 	 5183
1993_05_05_4564.huff 	 5334 	 5604 	 1002
1993_06_06_4565.huff 	 5320 	 5703 	 1086
1993_09_13_3925.huff 	 6117 	 6337 	 1133
1993_09_22_3926.huff 	 19687 	 39652 	 7323
1993_10_07_4566.huff 	 8253 	 10383 	 1897
1993_11_13_3436.huff 	 13660 	 22229 	 4365
1993_12_08_3927.huff 	 10994 	 14271 	 2599
1994_01_25_3437.huff 	 21917 	 41128 	 7548
1994_06_06_3438.huff 	 7916 	 7205 	 1329
1994_07_12_3439.huff 	 4448 	 4125 	 757
1995_01_24_3440.huff 	 24155 	 50052 	 9409
1995_04_23_3441.huff 	 4600 	 4646 	 914
1995_07_19_4594.huff 	 20105 	 36979 	 6547
1995_10_16_4595.huff 	 15775 	 25475 	 4683
1995_11_27_3929.huff 	 11766 	 16473 	 2949
1995_11_30_3442.huff 	 12881 	 16564 	 3065
1996_01_23_5494.huff 	 19716 	 35595 	 6435
1996_06_25_4596.huff 	 7971 	 10714 	 1927
1996_08_29_4597.huff 	 20639 	 38082 	 7171
1996_10_06_4598.huff 	 29036 	 92125 	 17749
1996_11_03_4599.huff 	 11059 	 16381 	 3231
1997_01_20_3443.huff 	 9779 	 11876 	 2172
1997_02_04_5495.huff 	 21496 	 37977 	 6851
1997_04_22_4600.huff 	 5813 	 6480 	 1242
1998_01_26_3930.huff 	 5115 	 5083 	 970
1998_01_27_3444.huff 	 24244 	 41276 	 7467
1998_03_23_4601.huff 	 8396 	 9393 	 1683
1998_03_25_4602.huff 	 10222 	 12461 	 2251
1998_08_17_3931.huff 	 3283 	 2947 	 544
1999_01_19_5496.huff 	 23955 	 42452 	 7629
1999_03_24_3932.huff 	 8916 	 10680 	 1921
1999_06_10_3933.huff 	 8410 	 9491 	 1691
2000_01_27_5497.huff 	 26053 	 51053 	 9279
2001_01_18_4155.huff 	 6099 	 6241 	 1123
2001_01_20_3645.huff 	 7919 	 8735 	 1594
2001_06_07_3986.huff 	 5248 	 5127 	 928
2002_01_29_4540.huff 	 16951 	 22040 	 3869
2003_01_28_4541.huff 	 21045 	 31122 	 5445
2004_01_20_4542.huff 	 19894 	 29881 	 5236
2005_01_20_4463.huff 	 9805 	 11655 	 2084
2005_02_02_4464.huff 	 20034 	 29152 	 5098
2006_01_31_4461.huff 	 21084 	 30723 	 5367
2007_01_23_4455.huff 	 21551 	 31196 	 5648
2008_01_28_4454.huff 	 21807 	 33015 	 5789
2008_03_19_4452.huff 	 13444 	 18160 	 3223
2008_08_28_4427.huff 	 16201 	 25287 	 4795
2008_11_04_4424.huff 	 8843 	 10236 	 1985
2009_01_15_4450.huff 	 9988 	 10405 	 1878
2009_01_20_4453.huff 	 12125 	 13046 	 2412
2009_02_24_4612.huff 	 20304 	 33617 	 6199
2009_06_04_5502.huff 	 20078 	 33878 	 6073
2009_09_09_5548.huff 	 17952 	 31444 	 5692
2010_01_27_5706.huff 	 23139 	 40920 	 7476
